Applications Graphics Acceleration Info:
Uptime: 1057175 Realtime: 1057175

** Graphics info for pid 2740 [com.aurora.arcade] **

Stats since: 994811044098ns
Total frames rendered: 3744
Janky frames: 1 (0.03%)
Janky frames (legacy): 0 (0.00%)
50th percentile: 17ms
90th percentile: 18ms
95th percentile: 18ms
99th percentile: 21ms
Number Missed Vsync: 0
Number High input latency: 3744
Number Slow UI thread: 0
Number Slow bitmap uploads: 0
Number Slow issue draw commands: 1
Number Frame deadline missed: 1
Number Frame deadline missed (legacy): 0
HISTOGRAM: 5ms=0 6ms=0 7ms=0 8ms=0 9ms=0 10ms=0 11ms=0 12ms=0 13ms=0 14ms=0 15ms=1 16ms=1087 17ms=2234 18ms=287 19ms=74 20ms=22 21ms=23 22ms=13 23ms=3 24ms=0 25ms=0 26ms=0 27ms=0 28ms=0 29ms=0 30ms=0 31ms=0 32ms=0 34ms=0 36ms=0 38ms=0 40ms=0 42ms=0 44ms=0 46ms=0 48ms=0 53ms=0 57ms=0 61ms=0 65ms=0 69ms=0 73ms=0 77ms=0 81ms=0 85ms=0 89ms=0 93ms=0 97ms=0 101ms=0 105ms=0 109ms=0 113ms=0 117ms=0 121ms=0 125ms=0 129ms=0 133ms=0 150ms=0 200ms=0 250ms=0 300ms=0 350ms=0 400ms=0 450ms=0 500ms=0 550ms=0 600ms=0 650ms=0 700ms=0 750ms=0 800ms=0 850ms=0 900ms=0 950ms=0 1000ms=0 1050ms=0 1100ms=0 1150ms=0 1200ms=0 1250ms=0 1300ms=0 1350ms=0 1400ms=0 1450ms=0 1500ms=0 1550ms=0 1600ms=0 1650ms=0 1700ms=0 1750ms=0 1800ms=0 1850ms=0 1900ms=0 1950ms=0 2000ms=0 2050ms=0 2100ms=0 2150ms=0 2200ms=0 2250ms=0 2300ms=0 2350ms=0 2400ms=0 2450ms=0 2500ms=0 2550ms=0 2600ms=0 2650ms=0 2700ms=0 2750ms=0 2800ms=0 2850ms=0 2900ms=0 2950ms=0 3000ms=0 3050ms=0 3100ms=0 3150ms=0 3200ms=0 3250ms=0 3300ms=0 3350ms=0 3400ms=0 3450ms=0 3500ms=0 3550ms=0 3600ms=0 3650ms=0 3700ms=0 3750ms=0 3800ms=0 3850ms=0 3900ms=0 3950ms=0 4000ms=0 4050ms=0 4100ms=0 4150ms=0 4200ms=0 4250ms=0 4300ms=0 4350ms=0 4400ms=0 4450ms=0 4500ms=0 4550ms=0 4600ms=0 4650ms=0 4700ms=0 4750ms=0 4800ms=0 4850ms=0 4900ms=0 4950ms=0
50th gpu percentile: 15ms
90th gpu percentile: 16ms
95th gpu percentile: 17ms
99th gpu percentile: 19ms
GPU HISTOGRAM: 1ms=0 2ms=1 3ms=0 4ms=0 5ms=0 6ms=0 7ms=0 8ms=1 9ms=2 10ms=16 11ms=20 12ms=45 13ms=150 14ms=512 15ms=1738 16ms=1042 17ms=122 18ms=53 19ms=16 20ms=15 21ms=9 22ms=2 23ms=0 24ms=0 25ms=0 4950ms=0

Pipeline=Skia (OpenGL)
Memory policy:
  Max surface area: 2332800
  Max resource usage: 111.97MB (x48)
  Background retention: 50% (altUiHidden = true)
  GPU Context timeout: 10
Contexts: 2 (stopped = 0)
CPU Caches:
  Glyph Cache: 848.24 KB (1 entry)
  Glyph Count: 387
Total CPU memory usage:
  868593 bytes, 848.24 KB (0.00 bytes is purgeable)
GPU Caches:
  SW Path Mask:
    Texture: 4.96 MB (12 entries)
  Other:
    Other: 22.34 KB (1 entry)
    Buffer Object: 11.49 KB (5 entries)
    StencilAttachment: 8.00 MB (1 entry)
  Image:
    Texture: 64.00 bytes (1 entry)
  Scratch:
    RenderTarget: 10.00 MB (1 entry)
    Texture: 2.00 MB (1 entry)
    Buffer Object: 206.00 KB (6 entries)
Total GPU memory usage:
  26422472 bytes, 25.20 MB (15.10 MB is purgeable)

GraphicBufferAllocator buffers:
            Handle |         Size |     W (Stride) x H | Layers |   Format |      Usage | Requestor
0xb4000075eee4ccf0 |      unknown | 1080 (   0) x 2160 |      1 |        1 | 0x     b00 | VRI[MainActivity]#0(BLAST Consumer)0
0xb4000075eee4cf90 |      unknown | 1080 (   0) x 2160 |      1 |        1 | 0x     b00 | VRI[MainActivity]#0(BLAST Consumer)0
0xb4000075eee4de70 |      unknown | 1080 (   0) x 2160 |      1 |        1 | 0x     b00 | VRI[MainActivity]#0(BLAST Consumer)0
0xb4000075eee532e0 |      unknown | 1008 (   0) x  944 |      1 |        1 | 0x     b00 | VRI[MainActivity]#2(BLAST Consumer)2
0xb4000075eee54f50 |      unknown | 1008 (   0) x  944 |      1 |        1 | 0x     b00 | VRI[MainActivity]#2(BLAST Consumer)2
0xb4000075eee55ff0 |      unknown | 1008 (   0) x  944 |      1 |        1 | 0x     b00 | VRI[MainActivity]#2(BLAST Consumer)2
Total allocated by GraphicBufferAllocator (estimate): 0.00 KB
Imported gralloc buffers:
+ name:VRI[MainActivity]#2(BLAST Consumer)2, id:113, size:3717.31KiB, w/h:1008x944, usage: 0xb00, req fmt:1, fourcc/mod:875708993/0, dataspace: 0x8810000, compressed: false
+ name:VRI[MainActivity]#2(BLAST Consumer)2, id:112, size:3717.31KiB, w/h:1008x944, usage: 0xb00, req fmt:1, fourcc/mod:875708993/0, dataspace: 0x0, compressed: false
+ name:VRI[MainActivity]#2(BLAST Consumer)2, id:111, size:3717.31KiB, w/h:1008x944, usage: 0xb00, req fmt:1, fourcc/mod:875708993/0, dataspace: 0x8810000, compressed: false
+ name:VRI[MainActivity]#0(BLAST Consumer)0, id:105, size:9112.81KiB, w/h:1080x2160, usage: 0xb00, req fmt:1, fourcc/mod:875708993/0, dataspace: 0x8810000, compressed: false
+ name:VRI[MainActivity]#0(BLAST Consumer)0, id:107, size:9112.81KiB, w/h:1080x2160, usage: 0xb00, req fmt:1, fourcc/mod:875708993/0, dataspace: 0x8810000, compressed: false
+ name:VRI[MainActivity]#0(BLAST Consumer)0, id:106, size:9112.81KiB, w/h:1080x2160, usage: 0xb00, req fmt:1, fourcc/mod:875708993/0, dataspace: 0x0, compressed: false
Total imported by gralloc: 38490.38KiB

Profile data in ms:

	com.aurora.arcade/com.aurora.arcade.MainActivity/android.view.ViewRootImpl@8763554 (visibility=0)
Window: com.aurora.arcade/com.aurora.arcade.MainActivity
Stats since: 994811043682ns
Total frames rendered: 3742
Janky frames: 0 (0.00%)
Janky frames (legacy): 0 (0.00%)
50th percentile: 17ms
90th percentile: 18ms
95th percentile: 18ms
99th percentile: 21ms
Number Missed Vsync: 0
Number High input latency: 3742
Number Slow UI thread: 0
Number Slow bitmap uploads: 0
Number Slow issue draw commands: 0
Number Frame deadline missed: 0
Number Frame deadline missed (legacy): 0
HISTOGRAM: 5ms=0 6ms=0 7ms=0 8ms=0 9ms=0 10ms=0 11ms=0 12ms=0 13ms=0 14ms=0 15ms=0 16ms=1086 17ms=2234 18ms=287 19ms=74 20ms=22 21ms=23 22ms=13 23ms=3 24ms=0 25ms=0 26ms=0 27ms=0 28ms=0 29ms=0 30ms=0 31ms=0 32ms=0 34ms=0 36ms=0 38ms=0 40ms=0 42ms=0 44ms=0 46ms=0 48ms=0 53ms=0 57ms=0 61ms=0 65ms=0 69ms=0 73ms=0 77ms=0 81ms=0 85ms=0 89ms=0 93ms=0 97ms=0 101ms=0 105ms=0 109ms=0 113ms=0 117ms=0 121ms=0 125ms=0 129ms=0 133ms=0 150ms=0 200ms=0 250ms=0 300ms=0 350ms=0 400ms=0 450ms=0 500ms=0 550ms=0 600ms=0 650ms=0 700ms=0 750ms=0 800ms=0 850ms=0 900ms=0 950ms=0 1000ms=0 1050ms=0 1100ms=0 1150ms=0 1200ms=0 1250ms=0 1300ms=0 1350ms=0 1400ms=0 1450ms=0 1500ms=0 1550ms=0 1600ms=0 1650ms=0 1700ms=0 1750ms=0 1800ms=0 1850ms=0 1900ms=0 1950ms=0 2000ms=0 2050ms=0 2100ms=0 2150ms=0 2200ms=0 2250ms=0 2300ms=0 2350ms=0 2400ms=0 2450ms=0 2500ms=0 2550ms=0 2600ms=0 2650ms=0 2700ms=0 2750ms=0 2800ms=0 2850ms=0 2900ms=0 2950ms=0 3000ms=0 3050ms=0 3100ms=0 3150ms=0 3200ms=0 3250ms=0 3300ms=0 3350ms=0 3400ms=0 3450ms=0 3500ms=0 3550ms=0 3600ms=0 3650ms=0 3700ms=0 3750ms=0 3800ms=0 3850ms=0 3900ms=0 3950ms=0 4000ms=0 4050ms=0 4100ms=0 4150ms=0 4200ms=0 4250ms=0 4300ms=0 4350ms=0 4400ms=0 4450ms=0 4500ms=0 4550ms=0 4600ms=0 4650ms=0 4700ms=0 4750ms=0 4800ms=0 4850ms=0 4900ms=0 4950ms=0
50th gpu percentile: 15ms
90th gpu percentile: 16ms
95th gpu percentile: 17ms
99th gpu percentile: 19ms
GPU HISTOGRAM: 1ms=0 2ms=0 3ms=0 4ms=0 5ms=0 6ms=0 7ms=0 8ms=1 9ms=2 10ms=16 11ms=20 12ms=45 13ms=150 14ms=511 15ms=1738 16ms=1042 17ms=122 18ms=53 19ms=16 20ms=15 21ms=9 22ms=2 23ms=0 24ms=0 25ms=0 4950ms=0



---PROFILEDATA---
Flags,FrameTimelineVsyncId,IntendedVsync,Vsync,InputEventId,HandleInputStart,AnimationStart,PerformTraversalsStart,DrawStart,FrameDeadline,FrameStartTime,FrameInterval,WorkloadTarget,SyncQueued,SyncStart,IssueDrawCommandsStart,SwapBuffers,FrameCompleted,DequeueBufferDuration,QueueBufferDuration,GpuCompleted,SwapBuffersCompleted,DisplayPresentTime,CommandSubmissionCompleted,
0,112160,1055180355772,1055180355772,0,1055181058252,1055181058794,1055181346585,1055181414419,1055213689104,1055181056585,16666666,16666666,1055181698252,1055181743294,1055181767835,1055182396919,1055197380710,1458,48917,1055197380710,1055182798960,0,1055182396919,
0,112168,1055197022438,1055197022438,-899712751,1055197416669,1055197416835,1055197636627,1055197646585,1055230355770,1055197415585,16666666,16666666,1055197841502,1055197959169,1055197989835,1055198687960,1055214200794,1375,149708,1055214200794,1055199277377,0,1055198687960,
0,112176,1055213689104,1055213689104,0,1055214373127,1055214373335,1055214526794,1055214540752,1055247022436,1055214371835,16666666,16666666,1055214744252,1055214790294,1055214933710,1055215529669,1055231000544,1375,105000,1055231000544,1055216073585,0,1055215529669,
0,112184,1055230355770,1055230355770,0,1055231011960,1055231012210,1055231123252,1055231133502,1055263689102,1055231010585,16666666,16666666,1055231315419,1055231380127,1055231401252,1055232425460,1055249597335,1375,80875,1055249597335,1055232956169,0,1055232425460,
0,112192,1055247022436,1055247022436,0,1055249669294,1055249669710,1055249782002,1055249795044,1055280355768,1055249667669,16666666,16666666,1055250012085,1055250118669,1055250134169,1055251011294,1055263992419,1250,51833,1055263992419,1055251432294,0,1055251011294,
0,112200,1055263689102,1055263689102,0,1055264158210,1055264158502,1055264265252,1055264275919,1055297022434,1055264157002,16666666,16666666,1055264467044,1055264511085,1055264533460,1055265332044,1055281334169,1250,105916,1055281334169,1055265862585,0,1055265332044,
0,112208,1055280355768,1055280355768,0,1055281411502,1055281411835,1055281722794,1055281735085,1055313689100,1055281410502,16666666,16666666,1055281945669,1055282069585,1055282089752,1055282756919,1055297304460,1042,80958,1055297304460,1055283236877,0,1055282756919,
0,112216,1055297022434,1055297022434,-535802174,1055297358627,1055297358794,1055297754085,1055297765710,1055330355766,1055297357335,16666666,16666666,1055298901835,1055299089335,1055299133127,1055299904127,1055314222252,1083,159250,1055314222252,1055300727377,0,1055299904127,
0,112224,1055313689100,1055313689100,0,1055314337002,1055314337210,1055314468169,1055314483544,1055347022432,1055314335210,16666666,16666666,1055314752294,1055314876252,1055314907002,1055315894960,1055330800877,1250,53000,1055330800877,1055316432919,0,1055315894960,
0,112232,1055330355766,1055330355766,0,1055330869460,1055330869710,1055330981252,1055330992502,1055363689098,1055330868502,16666666,16666666,1055331175044,1055331236085,1055331260710,1055332315085,1055347381710,1625,97167,1055347381710,1055332839294,0,1055332315085,
0,112240,1055347022432,1055347022432,0,1055347463710,1055347464335,1055347620835,1055347638335,1055380355764,1055347461252,16666666,16666666,1055347861919,1055347949127,1055347979502,1055349035919,1055364188377,1500,60500,1055364188377,1055349564960,0,1055349035919,
0,112248,1055363689098,1055363689098,-611436101,1055364252335,1055364252544,1055364568835,1055364582002,1055397022430,1055364250919,16666666,16666666,1055364816877,1055364884919,1055364925710,1055365651002,1055380695544,1916,137750,1055380695544,1055366257044,0,1055365651002,
0,112256,1055380355764,1055380355764,0,1055380775252,1055380775835,1055381146835,1055381161335,1055413689096,1055380772627,16666666,16666666,1055381510627,1055381570169,1055381596085,1055382251294,1055397420585,1292,49792,1055397420585,1055382718835,0,1055382251294,
0,112264,1055397022430,1055397022430,0,1055397397127,1055397397419,1055397613877,1055397626002,1055430355762,1055397395710,16666666,16666666,1055397819419,1055397905835,1055397930877,1055398628419,1055414517585,1083,73500,1055414517585,1055399165752,0,1055398628419,
0,112272,1055413689096,1055413689096,0,1055414702960,1055414703502,1055414915127,1055414932585,1055447022428,1055414701335,16666666,16666666,1055415202794,1055415218252,1055415233002,1055415864335,1055430857877,1667,46792,1055430857877,1055416356794,0,1055415864335,
0,112280,1055430355762,1055430355762,0,1055430941377,1055430941627,1055431087502,1055431098502,1055463689094,1055430940460,16666666,16666666,1055431292335,1055431482002,1055431629669,1055432290502,1055448247794,1333,85791,1055448247794,1055432787294,0,1055432290502,
0,112288,1055447022428,1055447022428,0,1055448394669,1055448395044,1055448513752,1055448526127,1055480355760,1055448393044,16666666,16666666,1055448736460,1055448813294,1055448836127,1055449524377,1055463969127,1250,44125,1055463969127,1055449944502,0,1055449524377,
0,112296,1055463689094,1055463689094,0,1055463999544,1055463999960,1055464199502,1055464210794,1055497022426,1055463998377,16666666,16666666,1055464409544,1055464505585,1055464530919,1055465231544,1055480615085,1375,64375,1055480615085,1055465707252,0,1055465231544,
0,112304,1055480355760,1055480355760,-875607510,1055480628210,1055480628377,1055481120377,1055481131377,1055513689092,1055480627252,16666666,16666666,1055481697335,1055481770252,1055481799085,1055482439794,1055497488460,1458,52292,1055497488460,1055482931002,0,1055482439794,
0,112312,1055497022426,1055497022426,0,1055497510002,1055497510127,1055497675585,1055497687460,1055530355758,1055497508544,16666666,16666666,1055497882460,1055498018085,1055498041002,1055498619210,1055514256544,1417,115625,1055514256544,1055499150127,0,1055498619210,
0,112320,1055513689092,1055513689092,0,1055514498919,1055514499377,1055514693252,1055514710669,1055547022424,1055514496585,16666666,16666666,1055514967002,1055515022919,1055515074419,1055515972210,1055533756669,1709,61709,1055533756669,1055516505710,0,1055515972210,
0,112328,1055530355758,1055530355758,0,1055533983544,1055533984085,1055534211710,1055534228752,1055563689090,1055533981210,16666666,16666666,1055534615585,1055534768127,1055534795377,1055535475752,1055547482169,1833,109916,1055547482169,1055536255335,0,1055535475752,
0,112336,1055547022424,1055547022424,0,1055547579502,1055547580044,1055547805252,1055547820919,1055580355756,1055547577794,16666666,16666666,1055548279960,1055548336919,1055548362335,1055549040210,1055564440294,1833,50500,1055564440294,1055549509044,0,1055549040210,
0,112344,1055563689090,1055563689090,-536670885,1055564536835,1055564537002,1055564770544,1055564780335,1055597022422,1055564535460,16666666,16666666,1055564991585,1055565139710,1055565201627,1055565892377,1055581945210,1375,93708,1055581945210,1055566361419,0,1055565892377,
0,112352,1055580355756,1055580355756,0,1055582046669,1055582046960,1055582713085,1055582726627,1055613689088,1055582045085,16666666,16666666,1055583221544,1055583272669,1055583298460,1055583935127,1055598508252,1542,52541,1055598508252,1055584561669,0,1055583935127,
0,112360,1055597022422,1055597022422,0,1055598603710,1055598604002,1055598756502,1055598770669,1055630355754,1055598602377,16666666,16666666,1055598993960,1055599116002,1055599168002,1055599802919,1055614040877,1417,71000,1055614040877,1055600326585,0,1055599802919,
0,112368,1055613689088,1055613689088,0,1055614197461,1055614197711,1055614407544,1055614428502,1055647022420,1055614196502,16666666,16666666,1055614872711,1055614946419,1055614976877,1055615825169,1055630558961,1583,107500,1055630558961,1055616376836,0,1055615825169,
0,112376,1055630355754,1055630355754,0,1055630698961,1055630699086,1055630820919,1055630833044,1055663689086,1055630698377,16666666,16666666,1055631034502,1055631325169,1055631351877,1055632154044,1055647317336,1375,71791,1055647317336,1055632712836,0,1055632154044,
0,112384,1055647022420,1055647022420,0,1055647514169,1055647514627,1055647680127,1055647694086,1055680355752,1055647511961,16666666,16666666,1055647935836,1055647992877,1055648067544,1055648768627,1055664075627,1500,52708,1055664075627,1055649261294,0,1055648768627,
0,112392,1055663689086,1055663689086,0,1055664046711,1055664046877,1055664136544,1055664239794,1055697022418,1055664045586,16666666,16666666,1055664438502,1055664629544,1055664651461,1055665248294,1055681037586,1208,53708,1055681037586,1055665712669,0,1055665248294,
0,112400,1055680355752,1055680355752,0,1055681073377,1055681073669,1055681404336,1055681416752,1055713689084,1055681071711,16666666,16666666,1055681636336,1055681695127,1055681722586,1055682386377,1055697512127,1416,51667,1055697512127,1055682860544,0,1055682386377,
0,112408,1055697022418,1055697022418,-454270999,1055697536377,1055697536586,1055698005252,1055698017627,1055730355750,1055697535669,16666666,16666666,1055698601544,1055698661669,1055698764336,1055699424544,1055714297461,1500,71250,1055714297461,1055699985627,0,1055699424544,
0,112416,1055713689084,1055713689084,0,1055714363252,1055714363752,1055714587294,1055714603627,1055747022416,1055714360961,16666666,16666666,1055714858086,1055714965961,1055714982294,1055715596169,1055730730044,1416,55334,1055730730044,1055716240586,0,1055715596169,
0,112424,1055730355750,1055730355750,0,1055730769377,1055730769836,1055730951086,1055730965294,1055763689082,1055730767419,16666666,16666666,1055731200627,1055731366086,1055731408002,1055732223211,1055747524211,1542,111291,1055747524211,1055732841294,0,1055732223211,
0,112432,1055747022416,1055747022416,0,1055747671211,1055747671502,1055747833794,1055747847836,1055780355748,1055747669419,16666666,16666666,1055748422211,1055748470627,1055748493961,1055749233336,1055764876086,1667,55041,1055764876086,1055749678711,0,1055749233336,
0,112440,1055763689082,1055763689082,0,1055764860169,1055764860294,1055765012752,1055765026752,1055797022414,1055764859211,16666666,16666666,1055765244336,1055765308669,1055765330252,1055766071252,1055780636919,1250,126792,1055780636919,1055766630252,0,1055766071252,
0,112448,1055780355748,1055780355748,0,1055780740794,1055780741211,1055781199252,1055781215544,1055813689080,1055780738711,16666666,16666666,1055781543377,1055781592461,1055781617669,1055782260919,1055797823294,1209,49375,1055797823294,1055782728919,0,1055782260919,
0,112456,1055797022414,1055797022414,0,1055797949002,1055797949294,1055798084419,1055798097586,1055830355746,1055797947336,16666666,16666666,1055798350419,1055798424502,1055798514336,1055799549877,1055814532044,1250,155833,1055814532044,1055800150877,0,1055799549877,
0,112464,1055813689080,1055813689080,-590747342,1055814573627,1055814573919,1055814918002,1055814930961,1055847022412,1055814571961,16666666,16666666,1055815177961,1055815232461,1055815371044,1055816177127,1055830899002,1541,129500,1055830899002,1055816677044,0,1055816177127,
0,112472,1055830355746,1055830355746,0,1055831065294,1055831065544,1055831201836,1055831220419,1055863689078,1055831064419,16666666,16666666,1055831470002,1055831533252,1055831753669,1055832713336,1055847673044,1125,50209,1055847673044,1055833188169,0,1055832713336,
0,112480,1055847022412,1055847022412,0,1055847726044,1055847726544,1055847922002,1055847938752,1055880355744,1055847723127,16666666,16666666,1055848527752,1055848625002,1055848649627,1055849275419,1055866255502,1125,78042,1055866255502,1055849779711,0,1055849275419,
0,112488,1055863689078,1055863689078,0,1055866426627,1055866427211,1055866675877,1055866698419,1055897022410,1055866424169,16666666,16666666,1055867313127,1055867369669,1055867400044,1055868238544,1055880719294,1666,61708,1055880719294,1055868909336,0,1055868238544,
0,112496,1055880355744,1055880355744,0,1055880851836,1055880852294,1055881700877,1055881718544,1055913689076,1055880850044,16666666,16666666,1055882559002,1055882569086,1055882585127,1055883541961,1055897356461,1750,140292,1055897356461,1055884365502,0,1055883541961,
0,112504,1055897022410,1055897022410,0,1055897404294,1055897404877,1055897569127,1055897585502,1055930355742,1055897402627,16666666,16666666,1055898052919,1055898263169,1055898292127,1055898998627,1055915855836,1125,48125,1055915855836,1055899517961,0,1055898998627,
0,112512,1055913689076,1055913689076,0,1055915951669,1055915952127,1055916217794,1055916234002,1055947022408,1055915949586,16666666,16666666,1055916613086,1055916636002,1055916664461,1055917375169,1055931770711,1500,112208,1055931770711,1055917863169,0,1055917375169,
0,112520,1055930355742,1055930355742,0,1055931850127,1055931850586,1055932222252,1055932242377,1055963689074,1055931847836,16666666,16666666,1055932746961,1055932864211,1055932901669,1055933685461,1055948223252,1667,63333,1055948223252,1055934239669,0,1055933685461,
0,112528,1055947022408,1055947022408,0,1055948260544,1055948261044,1055948404544,1055948426586,1055980355740,1055948258794,16666666,16666666,1055948683627,1055948760336,1055948793586,1055949592544,1055964530127,1833,82542,1055964530127,1055950065836,0,1055949592544,
0,112536,1055963689074,1055963689074,0,1055964706627,1055964707211,1055964897836,1055964915044,1055997022406,1055964704002,16666666,16666666,1055965190419,1055965350294,1055965382419,1055966144127,1055982213127,1084,67209,1055982213127,1055966796669,0,1055966144127,
0,112544,1055980355740,1055980355740,0,1055982273419,1055982273961,1055982759961,1055982777461,1056013689072,1055982270961,16666666,16666666,1055983076002,1055983116086,1055983134877,1055983831627,1055998780377,1125,153167,1055998780377,1055984548127,0,1055983831627,
0,112552,1055997022406,1055997022406,0,1055999005877,1055999006169,1055999150544,1055999164294,1056030355738,1055999004086,16666666,16666666,1055999408169,1055999471586,1055999490419,1056000287294,1056014066961,833,41916,1056014066961,1056000742211,0,1056000287294,
0,112560,1056013689072,1056013689072,0,1056014140419,1056014141002,1056014298752,1056014317169,1056047022404,1056014137669,16666666,16666666,1056014599336,1056014704794,1056014751044,1056015479669,1056030637419,1166,106208,1056030637419,1056016103627,0,1056015479669,
0,112568,1056030355738,1056030355738,0,1056030796544,1056030797086,1056031057627,1056031074919,1056063689070,1056030794211,16666666,16666666,1056031513461,1056031575752,1056031600502,1056032565211,1056048681044,1625,137125,1056048681044,1056033142877,0,1056032565211,
0,112576,1056047022404,1056047022404,0,1056048882502,1056048883086,1056049050752,1056049067836,1056080355736,1056048880002,16666666,16666666,1056049408794,1056049492877,1056049522961,1056050163294,1056063908461,1750,170541,1056063908461,1056050819252,0,1056050163294,
0,112584,1056063689070,1056063689070,0,1056064206627,1056064207044,1056064357502,1056064373294,1056097022402,1056064204461,16666666,16666666,1056064797877,1056064846044,1056064877586,1056065590002,1056080646794,1292,57958,1056080646794,1056066123211,0,1056065590002,
0,112592,1056080355736,1056080355736,0,1056080687169,1056080687669,1056081029461,1056081041836,1056113689068,1056080685086,16666666,16666666,1056081330377,1056081392169,1056081426794,1056082063336,1056097590919,1375,71333,1056097590919,1056082528086,0,1056082063336,
0,112600,1056097022402,1056097022402,0,1056097685544,1056097685877,1056098563461,1056098584211,1056130355734,1056097683711,16666666,16666666,1056098918044,1056098980794,1056099007919,1056099689669,1056114042752,1291,53333,1056114042752,1056100215669,0,1056099689669,
0,112608,1056113689068,1056113689068,0,1056114185752,1056114186294,1056114366669,1056114383627,1056147022400,1056114183502,16666666,16666666,1056114772544,1056114843544,1056114870836,1056115472627,1056130531586,1375,117750,1056130531586,1056116215711,0,1056115472627,
0,112616,1056130355734,1056130355734,0,1056130654086,1056130654294,1056130896377,1056130912336,1056163689066,1056130652752,16666666,16666666,1056131171961,1056131247252,1056131307586,1056132135586,1056147233211,2834,52000,1056147233211,1056132602252,0,1056132135586,
0,112624,1056147022400,1056147022400,0,1056147329544,1056147329961,1056147502502,1056147516836,1056180355732,1056147327336,16666666,16666666,1056147759002,1056147851711,1056147880419,1056148738877,1056164301461,1250,73250,1056164301461,1056149197919,0,1056148738877,
0,112632,1056163689066,1056163689066,0,1056164388836,1056164389252,1056164573544,1056164589711,1056197022398,1056164387002,16666666,16666666,1056164828377,1056164986086,1056165020502,1056165764752,1056181443002,833,49958,1056181443002,1056166198044,0,1056165764752,
0,112640,1056180355732,1056180355732,0,1056181432711,1056181433169,1056181747294,1056181761127,1056213689064,1056181430461,16666666,16666666,1056181977002,1056182061127,1056182100669,1056182775586,1056197633586,1625,147834,1056197633586,1056183299294,0,1056182775586,
0,112648,1056197022398,1056197022398,0,1056197741502,1056197741794,1056197953419,1056197968169,1056230355730,1056197739544,16666666,16666666,1056198213586,1056198340044,1056198379836,1056199130586,1056214171586,1417,108542,1056214171586,1056199702294,0,1056199130586,
0,112656,1056213689064,1056213689064,0,1056214305336,1056214305502,1056214417836,1056214425127,1056247022396,1056214303877,16666666,16666666,1056214578919,1056214632919,1056214662252,1056215551461,1056232090252,1625,200791,1056232090252,1056216192211,0,1056215551461,
0,112664,1056230355730,1056230355730,0,1056232286752,1056232286961,1056232546836,1056232556336,1056263689062,1056232285461,16666666,16666666,1056232825627,1056232909794,1056232932919,1056233621544,1056252388294,1583,101666,1056252388294,1056234133836,0,1056233621544,
0,112672,1056247022396,1056247022396,0,1056252460502,1056252460961,1056252778752,1056252797502,1056280355728,1056252457669,16666666,16666666,1056253069086,1056253250377,1056253410002,1056254079044,1056264783461,1709,167625,1056264783461,1056254682252,0,1056254079044,
0,112680,1056263689062,1056263689062,0,1056265018961,1056265019294,1056265379294,1056265399502,1056297022394,1056265016961,16666666,16666666,1056265733086,1056265840711,1056265871294,1056266873002,1056281207752,1625,105125,1056281207752,1056267498877,0,1056266873002,
0,112688,1056280355728,1056280355728,0,1056282191586,1056282192044,1056282517377,1056282533086,1056313689060,1056282189336,16666666,16666666,1056282759502,1056282812627,1056282855419,1056283552586,1056297214586,2041,120541,1056297214586,1056284384794,0,1056283552586,
0,112696,1056297022394,1056297022394,0,1056297255961,1056297256211,1056297499419,1056297512461,1056330355726,1056297254211,16666666,16666666,1056297736086,1056297857294,1056297893377,1056298612211,1056314715919,1292,53709,1056314715919,1056299083127,0,1056298612211,
0,112704,1056313689060,1056313689060,0,1056314666128,1056314666753,1056314822169,1056314835961,1056347022392,1056314664086,16666666,16666666,1056315050919,1056315183419,1056315229128,1056316165503,1056331740419,1583,185000,1056331740419,1056316636836,0,1056316165503,
0,112712,1056330355726,1056330355726,0,1056331952211,1056331952419,1056332284294,1056332301961,1056363689058,1056331951044,16666666,16666666,1056332593253,1056332661836,1056332692669,1056333353419,1056347522211,1292,74709,1056347522211,1056333874461,0,1056333353419,
0,112720,1056347022392,1056347022392,0,1056347661711,1056347662128,1056347806253,1056347819836,1056380355724,1056347659794,16666666,16666666,1056348200044,1056348241503,1056348436211,1056349040128,1056364277544,1292,120750,1056364277544,1056349588336,0,1056349040128,
0,112728,1056363689058,1056363689058,0,1056364341961,1056364342169,1056364458878,1056364467628,1056397022390,1056364340669,16666666,16666666,1056364631794,1056364711128,1056364740253,1056365421878,1056382155586,1417,39542,1056382155586,1056365801336,0,1056365421878,
0,112736,1056380355724,1056380355724,0,1056382269586,1056382269961,1056382591169,1056382606836,1056413689056,1056382267753,16666666,16666666,1056382836378,1056382930836,1056382956919,1056383631669,1056397471503,1458,121916,1056397471503,1056384290711,0,1056383631669,
0,112744,1056397022390,1056397022390,0,1056397501378,1056397501669,1056397697336,1056397706711,1056430355722,1056397499878,16666666,16666666,1056397879336,1056397929419,1056398001169,1056398580503,1056414029211,750,41834,1056414029211,1056399007794,0,1056398580503,
0,112752,1056413689056,1056413689056,0,1056414152336,1056414152794,1056414335128,1056414353211,1056447022388,1056414149711,16666666,16666666,1056414657419,1056414729586,1056414749586,1056415506294,1056431415753,1625,298625,1056431415753,1056416243586,0,1056415506294,
0,112760,1056430355722,1056430355722,0,1056431545128,1056431545628,1056431917836,1056431935086,1056463689054,1056431542503,16666666,16666666,1056432244919,1056432456794,1056432485711,1056433200086,1056448220961,1291,49417,1056448220961,1056433706628,0,1056433200086,
0,112768,1056447022388,1056447022388,0,1056448590378,1056448590628,1056448761044,1056448773586,1056480355720,1056448588878,16666666,16666666,1056449032003,1056449184294,1056449214086,1056449900836,1056465069336,1542,100333,1056465069336,1056450418336,0,1056449900836,
0,112776,1056463689054,1056463689054,0,1056465200628,1056465200919,1056465314128,1056465326086,1056497022386,1056465199253,16666666,16666666,1056465516294,1056465617503,1056465645294,1056466264503,1056480962044,1125,46625,1056480962044,1056466663961,0,1056466264503,
0,112784,1056480355720,1056480355720,0,1056480973878,1056480974169,1056481290086,1056481304836,1056513689052,1056480971919,16666666,16666666,1056481530044,1056481657586,1056481686003,1056482363794,1056497512003,1000,71000,1056497512003,1056482864961,0,1056482363794,
0,112792,1056497022386,1056497022386,0,1056497681003,1056497681169,1056497831044,1056497843044,1056530355718,1056497679878,16666666,16666666,1056498032003,1056498243753,1056498279419,1056499043711,1056514017669,1292,52041,1056514017669,1056499472669,0,1056499043711,
0,112800,1056513689052,1056513689052,0,1056514179753,1056514179961,1056514328169,1056514340544,1056547022384,1056514178169,16666666,16666666,1056514595586,1056514605044,1056514662169,1056515402586,1056531489669,164833,151958,1056531489669,1056516185336,0,1056515402586,
0,112808,1056530355718,1056530355718,0,1056531614419,1056531614586,1056531770169,1056531781669,1056563689050,1056531613628,16666666,16666666,1056532187544,1056532281669,1056532341794,1056533068544,1056548227378,1084,51667,1056548227378,1056533475628,0,1056533068544,
0,112816,1056547022384,1056547022384,0,1056548254419,1056548254669,1056548391961,1056548402211,1056580355716,1056548252919,16666666,16666666,1056548607753,1056548766669,1056548792961,1056549440044,1056564076794,1417,162708,1056564076794,1056549944711,0,1056549440044,
0,112824,1056563689050,1056563689050,0,1056564934794,1056564935044,1056565038794,1056565047253,1056597022382,1056564933919,16666666,16666666,1056565209211,1056565271503,1056565293419,1056565917211,1056580827336,958,44000,1056580827336,1056566378378,0,1056565917211,
0,112832,1056580355716,1056580355716,0,1056580853794,1056580853919,1056581212711,1056581223711,1056613689048,1056580852586,16666666,16666666,1056581425003,1056581547086,1056581801211,1056582504669,1056597927003,1042,63875,1056597927003,1056583052044,0,1056582504669,
0,112840,1056597022382,1056597022382,0,1056597878378,1056597878961,1056598117419,1056598131961,1056630355714,1056597876336,16666666,16666666,1056598390378,1056598464336,1056598538169,1056599473086,1056614343086,2125,77750,1056614343086,1056600152628,0,1056599473086,
0,112848,1056613689048,1056613689048,0,1056614567169,1056614567628,1056614723669,1056614737253,1056647022380,1056614565294,16666666,16666666,1056614986669,1056615046628,1056615192628,1056616065836,1056630538669,1542,283083,1056630538669,1056616716836,0,1056616065836,
0,112856,1056630355714,1056630355714,0,1056630664211,1056630664544,1056630815378,1056630829253,1056663689046,1056630662294,16666666,16666666,1056631065753,1056631165919,1056631200461,1056632640961,1056654258878,1750,62792,1056654258878,1056633233211,0,1056632640961,
0,112864,1056647022380,1056647022380,0,1056654475669,1056654476086,1056654726836,1056654742836,1056680355712,1056654473794,16666666,16666666,1056655236378,1056655369419,1056655401003,1056656312503,1056666532044,1667,194667,1056666532044,1056657036586,0,1056656312503,
0,112872,1056663689046,1056663689046,0,1056666669211,1056666669294,1056666911878,1056666920753,1056697022378,1056666668253,16666666,16666666,1056667104753,1056667244503,1056667267794,1056668413711,1056681638294,1709,81833,1056681638294,1056669192169,0,1056668413711,
0,112880,1056680355712,1056680355712,0,1056681785586,1056681786086,1056682293419,1056682311753,1056713689044,1056681783461,16666666,16666666,1056682616711,1056682679378,1056682712878,1056683541044,1056697666461,1500,141875,1056697666461,1056684140919,0,1056683541044,
0,112888,1056697022378,1056697022378,0,1056697692878,1056697693211,1056697969419,1056697980378,1056730355710,1056697691628,16666666,16666666,1056698410586,1056698770419,1056698786419,1056699551919,1056714159128,1208,52042,1056714159128,1056700169669,0,1056699551919,
0,112896,1056713689044,1056713689044,0,1056714342669,1056714342961,1056714700211,1056714712336,1056747022376,1056714341419,16666666,16666666,1056715151253,1056715288628,1056715320628,1056716271294,1056732632586,1458,200625,1056732632586,1056716975294,0,1056716271294,
0,112904,1056730355710,1056730355710,0,1056732990128,1056732990336,1056733185169,1056733196586,1056763689042,1056732988961,16666666,16666666,1056733648794,1056733718086,1056733750961,1056734543044,1056748088294,1417,62875,1056748088294,1056735453961,0,1056734543044,
0,112912,1056747022376,1056747022376,0,1056748455503,1056748455836,1056748633044,1056748649253,1056780355708,1056748453544,16666666,16666666,1056749005628,1056749113461,1056749151294,1056750034253,1056764251753,1417,86917,1056764251753,1056750619169,0,1056750034253,
0,112920,1056763689042,1056763689042,0,1056764294711,1056764294961,1056764926794,1056764964128,1056797022374,1056764293086,16666666,16666666,1056765918128,1056765995128,1056766031128,1056767175294,1056781364753,2375,97542,1056781364753,1056768259878,0,1056767175294,
0,112928,1056780355708,1056780355708,0,1056782335794,1056782337169,1056782797003,1056782820961,1056813689040,1056782327253,16666666,16666666,1056783138044,1056783198753,1056783243169,1056784312753,1056798202211,1792,105958,1056798202211,1056785116586,0,1056784312753,
0,112936,1056797022374,1056797022374,0,1056798282169,1056798282544,1056798445336,1056798457503,1056830355706,1056798279669,16666666,16666666,1056798695336,1056798754003,1056798786211,1056799642253,1056814002878,1542,56625,1056814002878,1056800171378,0,1056799642253,
0,112944,1056813689040,1056813689040,0,1056814159961,1056814160378,1056814372586,1056814391503,1056847022372,1056814157836,16666666,16666666,1056814689294,1056814834919,1056814857461,1056815798378,1056830979211,1416,91167,1056830979211,1056816369919,0,1056815798378,
0,112952,1056830355706,1056830355706,0,1056831729586,1056831730044,1056831941044,1056831954878,1056863689038,1056831727711,16666666,16666666,1056832280753,1056832328794,1056832357503,1056833117961,1056847590169,1542,83167,1056847590169,1056833663211,0,1056833117961,
0,112960,1056847022372,1056847022372,-360104765,1056847747169,1056847747669,1056853195794,1056853412253,1056880355704,1056847744878,16666666,16666666,1056854117003,1056854163086,1056854213419,1056855728336,1056864158086,1375,74334,1056864158086,1056856324336,0,1056855728336,
0,112968,1056863689038,1056863689038,0,1056864953128,1056864953336,1056865562961,1056867800461,1056897022370,1056864951378,16666666,16666666,1056867912669,1056868228253,1056868255753,1056868929419,1056880675669,1042,56667,1056880675669,1056869796169,0,1056868929419,
0,112990,1056880355704,1056880355704,0,1056880805003,1056880805461,1056880895919,1056880913044,1056913689036,1056880802461,16666666,16666666,1056881039169,1056881060419,1056881085044,1056882291628,1056897645544,1125,72791,1056897645544,1056882950586,0,1056882291628,
0,113033,1056897022370,1056897022370,0,1056897738836,1056897739044,1056897741461,1056897755794,1056930355702,1056897738169,16666666,16666666,1056897983544,1056897997128,1056898020544,1056899173919,1056916877044,1084,51958,1056916877044,1056899798003,0,1056899173919,
0,113048,1056913689036,1056913689036,0,1056916903211,1056916903878,1056916971794,1056916990419,1056947022368,1056916900836,16666666,16666666,1056917128878,1056917757544,1056917786169,1056918946086,1056930871169,1542,63000,1056930871169,1056919462586,0,1056918946086,
0,113070,1056930355702,1056930355702,0,1056930949336,1056930949669,1056931027503,1056931043378,1056963689034,1056930947586,16666666,16666666,1056931256919,1056931648211,1056931675336,1056932550419,1056947627128,1667,46292,1056947627128,1056933024503,0,1056932550419,
0,113113,1056947022368,1056947022368,0,1056947766003,1056947766128,1056947809586,1056947824169,1056980355700,1056947765294,16666666,16666666,1056947930503,1056948402128,1056948468378,1056949229211,1056964452961,1250,41541,1056964452961,1056949742336,0,1056949229211,
0,113128,1056963689034,1056963689034,0,1056964470794,1056964471003,1056964508794,1056964519461,1056997022366,1056964469711,16666666,16666666,1056964608753,1056965139544,1056965163461,1056965953003,1056980952128,1000,42625,1056980952128,1056966469419,0,1056965953003,
0,113150,1056980355700,1056980355700,0,1056980938794,1056980939003,1056980977753,1056980991794,1057013689032,1056980937169,16666666,16666666,1056981102544,1056981681419,1056981703961,1056982752128,1056997403169,1375,45167,1056997403169,1056983207086,0,1056982752128,
0,113172,1056997022366,1056997022366,0,1056997449003,1056997449253,1056997486669,1056997497128,1057030355698,1056997448169,16666666,16666666,1056997621003,1056998028336,1056998048503,1056998744211,1057014039878,1208,45166,1057014039878,1056999158086,0,1056998744211,
2,113201,1057013689032,1057013689032,0,1057013689032,1057013689032,1057013689032,1057013689032,1057047022364,1057013689032,16666666,16666666,1057018646545,1057018647045,1057018657211,1057019337128,1057031056628,917,47166,1057031056628,1057019882920,0,1057019337128,
2,113223,1057030355698,1057030355698,0,1057030355698,1057030355698,1057030355698,1057030355698,1057063689030,1057030355698,16666666,16666666,1057034726086,1057034726336,1057034735795,1057035447086,1057049121711,3875,56958,1057049121711,1057036162586,0,1057035447086,
2,113231,1057047022364,1057047022364,0,1057047022364,1057047022364,1057047022364,1057047022364,1057080355696,1057047022364,16666666,16666666,1057051277545,1057051277753,1057051289420,1057052072628,1057064417420,1583,67417,1057064417420,1057052582170,0,1057052072628,
2,113253,1057063689030,1057063689030,0,1057063689030,1057063689030,1057063689030,1057063689030,1057097022362,1057063689030,16666666,16666666,1057068871628,1057068872003,1057068883045,1057069859170,1057081164420,1541,92375,1057081164420,1057070372836,0,1057069859170,
2,113261,1057080355696,1057080355696,0,1057080355696,1057080355696,1057080355696,1057080355696,1057113689028,1057080355696,16666666,16666666,1057084570336,1057084570545,1057084580878,1057085395545,1057097505003,1417,55125,1057097505003,1057085886878,0,1057085395545,
2,113276,1057097022362,1057097022362,0,1057097022362,1057097022362,1057097022362,1057097022362,1057130355694,1057097022362,16666666,16666666,1057101231503,1057101232086,1057101246753,1057102121461,1057114358836,1667,104042,1057114358836,1057102759753,0,1057102121461,
2,113291,1057113689028,1057113689028,0,1057113689028,1057113689028,1057113689028,1057113689028,1057147022360,1057113689028,16666666,16666666,1057117901003,1057117901420,1057117915878,1057118662045,1057130862503,2000,58333,1057130862503,1057119236920,0,1057118662045,
2,113320,1057130355694,1057130355694,0,1057130355694,1057130355694,1057130355694,1057130355694,1057163689026,1057130355694,16666666,16666666,1057134556253,1057134556628,1057134571753,1057135265295,1057147643336,1375,47541,1057147643336,1057135683086,0,1057135265295,
2,113335,1057147022360,1057147022360,0,1057147022360,1057147022360,1057147022360,1057147022360,1057180355692,1057147022360,16666666,16666666,1057151321586,1057151321920,1057151336003,1057152334920,1057164689586,1750,83792,1057164689586,1057152901920,0,1057152334920,
2,113343,1057163689026,1057163689026,0,1057163689026,1057163689026,1057163689026,1057163689026,1057180355692,1057163689026,16666666,16666666,1057167970836,1057167971420,1057167989170,1057170001461,1055180917544,1667,149209,1055180917544,1057170601878,0,1057170001461,
---PROFILEDATA---


	com.aurora.arcade/com.aurora.arcade.MainActivity/android.view.ViewRootImpl@c4e2cde (visibility=0)
Window: com.aurora.arcade/com.aurora.arcade.MainActivity
Stats since: 1056850724628ns
Total frames rendered: 2
Janky frames: 1 (50.00%)
Janky frames (legacy): 0 (0.00%)
50th percentile: 16ms
90th percentile: 16ms
95th percentile: 16ms
99th percentile: 16ms
Number Missed Vsync: 0
Number High input latency: 2
Number Slow UI thread: 0
Number Slow bitmap uploads: 0
Number Slow issue draw commands: 1
Number Frame deadline missed: 1
Number Frame deadline missed (legacy): 0
HISTOGRAM: 5ms=0 6ms=0 7ms=0 8ms=0 9ms=0 10ms=0 11ms=0 12ms=0 13ms=0 14ms=0 15ms=1 16ms=1 17ms=0 18ms=0 19ms=0 20ms=0 21ms=0 22ms=0 23ms=0 24ms=0 25ms=0 26ms=0 27ms=0 28ms=0 29ms=0 30ms=0 31ms=0 32ms=0 34ms=0 36ms=0 38ms=0 40ms=0 42ms=0 44ms=0 46ms=0 48ms=0 53ms=0 57ms=0 61ms=0 65ms=0 69ms=0 73ms=0 77ms=0 81ms=0 85ms=0 89ms=0 93ms=0 97ms=0 101ms=0 105ms=0 109ms=0 113ms=0 117ms=0 121ms=0 125ms=0 129ms=0 133ms=0 150ms=0 200ms=0 250ms=0 300ms=0 350ms=0 400ms=0 450ms=0 500ms=0 550ms=0 600ms=0 650ms=0 700ms=0 750ms=0 800ms=0 850ms=0 900ms=0 950ms=0 1000ms=0 1050ms=0 1100ms=0 1150ms=0 1200ms=0 1250ms=0 1300ms=0 1350ms=0 1400ms=0 1450ms=0 1500ms=0 1550ms=0 1600ms=0 1650ms=0 1700ms=0 1750ms=0 1800ms=0 1850ms=0 1900ms=0 1950ms=0 2000ms=0 2050ms=0 2100ms=0 2150ms=0 2200ms=0 2250ms=0 2300ms=0 2350ms=0 2400ms=0 2450ms=0 2500ms=0 2550ms=0 2600ms=0 2650ms=0 2700ms=0 2750ms=0 2800ms=0 2850ms=0 2900ms=0 2950ms=0 3000ms=0 3050ms=0 3100ms=0 3150ms=0 3200ms=0 3250ms=0 3300ms=0 3350ms=0 3400ms=0 3450ms=0 3500ms=0 3550ms=0 3600ms=0 3650ms=0 3700ms=0 3750ms=0 3800ms=0 3850ms=0 3900ms=0 3950ms=0 4000ms=0 4050ms=0 4100ms=0 4150ms=0 4200ms=0 4250ms=0 4300ms=0 4350ms=0 4400ms=0 4450ms=0 4500ms=0 4550ms=0 4600ms=0 4650ms=0 4700ms=0 4750ms=0 4800ms=0 4850ms=0 4900ms=0 4950ms=0
50th gpu percentile: 14ms
90th gpu percentile: 14ms
95th gpu percentile: 14ms
99th gpu percentile: 14ms
GPU HISTOGRAM: 1ms=0 2ms=1 3ms=0 4ms=0 5ms=0 6ms=0 7ms=0 8ms=0 9ms=0 10ms=0 11ms=0 12ms=0 13ms=0 14ms=1 15ms=0 16ms=0 17ms=0 18ms=0 19ms=0 20ms=0 21ms=0 22ms=0 23ms=0 24ms=0 25ms=0 4950ms=0



---PROFILEDATA---
Flags,FrameTimelineVsyncId,IntendedVsync,Vsync,InputEventId,HandleInputStart,AnimationStart,PerformTraversalsStart,DrawStart,FrameDeadline,FrameStartTime,FrameInterval,WorkloadTarget,SyncQueued,SyncStart,IssueDrawCommandsStart,SwapBuffers,FrameCompleted,DequeueBufferDuration,QueueBufferDuration,GpuCompleted,SwapBuffersCompleted,DisplayPresentTime,CommandSubmissionCompleted,
1,112960,1056847022372,1056847022372,0,1056847747169,1056847747669,1056853195794,1056859772878,1056863689038,1056847744878,16666666,16666666,1056859989044,1056860268586,1056860308711,1056861663836,1056863193794,1667,98917,1056863127128,1056863193794,12884901891,1056861663836,
0,112968,1056863689038,1056863689038,0,1056864953128,1056864953336,1056865562961,1056866344378,1056880355704,1056864951378,16666666,16666666,1056866370336,1056866458419,1056866512294,1056866839919,1056880676878,2042,45542,1056880676878,1056867465711,51539607557,1056866839919,
---PROFILEDATA---


View hierarchy:

  com.aurora.arcade/com.aurora.arcade.MainActivity/android.view.ViewRootImpl@8763554
  10 views, 18.65 kB of render nodes

  com.aurora.arcade/com.aurora.arcade.MainActivity/android.view.ViewRootImpl@c4e2cde
  6 views, 10.66 kB of render nodes


Total ViewRootImpl   : 2
Total attached Views : 16
Total RenderNode     : 29.31 kB (used) / 81.22 kB (capacity)
