Applications Graphics Acceleration Info:
Uptime: 1375934 Realtime: 1375934

** Graphics info for pid 6176 [com.aurora.arcade] **

Stats since: 1364236303150ns
Total frames rendered: 575
Janky frames: 1 (0.17%)
Janky frames (legacy): 46 (8.00%)
50th percentile: 17ms
90th percentile: 19ms
95th percentile: 19ms
99th percentile: 21ms
Number Missed Vsync: 0
Number High input latency: 766
Number Slow UI thread: 0
Number Slow bitmap uploads: 0
Number Slow issue draw commands: 1
Number Frame deadline missed: 1
Number Frame deadline missed (legacy): 1
HISTOGRAM: 5ms=3 6ms=0 7ms=1 8ms=0 9ms=0 10ms=0 11ms=0 12ms=0 13ms=0 14ms=1 15ms=0 16ms=152 17ms=216 18ms=92 19ms=91 20ms=8 21ms=6 22ms=4 23ms=0 24ms=0 25ms=0 26ms=0 27ms=1 28ms=0 29ms=0 30ms=0 31ms=0 32ms=0 34ms=0 36ms=0 38ms=0 40ms=0 42ms=0 44ms=0 46ms=0 48ms=0 53ms=0 57ms=0 61ms=0 65ms=0 69ms=0 73ms=0 77ms=0 81ms=0 85ms=0 89ms=0 93ms=0 97ms=0 101ms=0 105ms=0 109ms=0 113ms=0 117ms=0 121ms=0 125ms=0 129ms=0 133ms=0 150ms=0 200ms=0 250ms=0 300ms=0 350ms=0 400ms=0 450ms=0 500ms=0 550ms=0 600ms=0 650ms=0 700ms=0 750ms=0 800ms=0 850ms=0 900ms=0 950ms=0 1000ms=0 1050ms=0 1100ms=0 1150ms=0 1200ms=0 1250ms=0 1300ms=0 1350ms=0 1400ms=0 1450ms=0 1500ms=0 1550ms=0 1600ms=0 1650ms=0 1700ms=0 1750ms=0 1800ms=0 1850ms=0 1900ms=0 1950ms=0 2000ms=0 2050ms=0 2100ms=0 2150ms=0 2200ms=0 2250ms=0 2300ms=0 2350ms=0 2400ms=0 2450ms=0 2500ms=0 2550ms=0 2600ms=0 2650ms=0 2700ms=0 2750ms=0 2800ms=0 2850ms=0 2900ms=0 2950ms=0 3000ms=0 3050ms=0 3100ms=0 3150ms=0 3200ms=0 3250ms=0 3300ms=0 3350ms=0 3400ms=0 3450ms=0 3500ms=0 3550ms=0 3600ms=0 3650ms=0 3700ms=0 3750ms=0 3800ms=0 3850ms=0 3900ms=0 3950ms=0 4000ms=0 4050ms=0 4100ms=0 4150ms=0 4200ms=0 4250ms=0 4300ms=0 4350ms=0 4400ms=0 4450ms=0 4500ms=0 4550ms=0 4600ms=0 4650ms=0 4700ms=0 4750ms=0 4800ms=0 4850ms=0 4900ms=0 4950ms=0
50th gpu percentile: 16ms
90th gpu percentile: 18ms
95th gpu percentile: 18ms
99th gpu percentile: 20ms
GPU HISTOGRAM: 1ms=6 2ms=0 3ms=1 4ms=0 5ms=1 6ms=0 7ms=0 8ms=0 9ms=2 10ms=0 11ms=0 12ms=3 13ms=4 14ms=22 15ms=231 16ms=126 17ms=64 18ms=103 19ms=4 20ms=5 21ms=3 22ms=0 23ms=0 24ms=0 25ms=0 4950ms=0

Pipeline=Skia (OpenGL)
Memory policy:
  Max surface area: 2332800
  Max resource usage: 111.97MB (x48)
  Background retention: 50% (altUiHidden = true)
  GPU Context timeout: 10
Contexts: 1 (stopped = 0)
CPU Caches:
  Glyph Cache: 332.88 KB (1 entry)
  Glyph Count: 72
Total CPU memory usage:
  340874 bytes, 332.88 KB (0.00 bytes is purgeable)
GPU Caches:
  Other:
    Other: 8.25 KB (1 entry)
    Buffer Object: 2.05 KB (2 entries)
  Image:
    Texture: 64.00 bytes (1 entry)
  Scratch:
    Buffer Object: 142.00 KB (4 entries)
    Texture: 2.00 MB (1 entry)
Total GPU memory usage:
  2253172 bytes, 2.15 MB (66.11 KB is purgeable)

GraphicBufferAllocator buffers:
            Handle |         Size |     W (Stride) x H | Layers |   Format |      Usage | Requestor
0xb40000770f928bb0 |      unknown | 1080 (   0) x 2160 |      1 |        1 | 0x     b00 | VRI[MainActivity]#0(BLAST Consumer)0
0xb40000770f933490 |      unknown | 1080 (   0) x 2160 |      1 |        1 | 0x     b00 | VRI[MainActivity]#0(BLAST Consumer)0
0xb40000770f9344c0 |      unknown | 1080 (   0) x 2160 |      1 |        1 | 0x     b00 | VRI[MainActivity]#0(BLAST Consumer)0
Total allocated by GraphicBufferAllocator (estimate): 0.00 KB
Imported gralloc buffers:
+ name:VRI[MainActivity]#0(BLAST Consumer)0, id:349, size:9112.81KiB, w/h:1080x2160, usage: 0xb00, req fmt:1, fourcc/mod:875708993/0, dataspace: 0x0, compressed: false
+ name:VRI[MainActivity]#0(BLAST Consumer)0, id:350, size:9112.81KiB, w/h:1080x2160, usage: 0xb00, req fmt:1, fourcc/mod:875708993/0, dataspace: 0x8810000, compressed: false
+ name:VRI[MainActivity]#0(BLAST Consumer)0, id:348, size:9112.81KiB, w/h:1080x2160, usage: 0xb00, req fmt:1, fourcc/mod:875708993/0, dataspace: 0x8810000, compressed: false
Total imported by gralloc: 27338.44KiB

Profile data in ms:

	com.aurora.arcade/com.aurora.arcade.MainActivity/android.view.ViewRootImpl@2b90a0d (visibility=0)
Window: com.aurora.arcade/com.aurora.arcade.MainActivity
Stats since: 1364236302608ns
Total frames rendered: 575
Janky frames: 1 (0.17%)
Janky frames (legacy): 46 (8.00%)
50th percentile: 17ms
90th percentile: 19ms
95th percentile: 19ms
99th percentile: 21ms
Number Missed Vsync: 0
Number High input latency: 766
Number Slow UI thread: 0
Number Slow bitmap uploads: 0
Number Slow issue draw commands: 1
Number Frame deadline missed: 1
Number Frame deadline missed (legacy): 1
HISTOGRAM: 5ms=3 6ms=0 7ms=1 8ms=0 9ms=0 10ms=0 11ms=0 12ms=0 13ms=0 14ms=1 15ms=0 16ms=152 17ms=216 18ms=92 19ms=91 20ms=8 21ms=6 22ms=4 23ms=0 24ms=0 25ms=0 26ms=0 27ms=1 28ms=0 29ms=0 30ms=0 31ms=0 32ms=0 34ms=0 36ms=0 38ms=0 40ms=0 42ms=0 44ms=0 46ms=0 48ms=0 53ms=0 57ms=0 61ms=0 65ms=0 69ms=0 73ms=0 77ms=0 81ms=0 85ms=0 89ms=0 93ms=0 97ms=0 101ms=0 105ms=0 109ms=0 113ms=0 117ms=0 121ms=0 125ms=0 129ms=0 133ms=0 150ms=0 200ms=0 250ms=0 300ms=0 350ms=0 400ms=0 450ms=0 500ms=0 550ms=0 600ms=0 650ms=0 700ms=0 750ms=0 800ms=0 850ms=0 900ms=0 950ms=0 1000ms=0 1050ms=0 1100ms=0 1150ms=0 1200ms=0 1250ms=0 1300ms=0 1350ms=0 1400ms=0 1450ms=0 1500ms=0 1550ms=0 1600ms=0 1650ms=0 1700ms=0 1750ms=0 1800ms=0 1850ms=0 1900ms=0 1950ms=0 2000ms=0 2050ms=0 2100ms=0 2150ms=0 2200ms=0 2250ms=0 2300ms=0 2350ms=0 2400ms=0 2450ms=0 2500ms=0 2550ms=0 2600ms=0 2650ms=0 2700ms=0 2750ms=0 2800ms=0 2850ms=0 2900ms=0 2950ms=0 3000ms=0 3050ms=0 3100ms=0 3150ms=0 3200ms=0 3250ms=0 3300ms=0 3350ms=0 3400ms=0 3450ms=0 3500ms=0 3550ms=0 3600ms=0 3650ms=0 3700ms=0 3750ms=0 3800ms=0 3850ms=0 3900ms=0 3950ms=0 4000ms=0 4050ms=0 4100ms=0 4150ms=0 4200ms=0 4250ms=0 4300ms=0 4350ms=0 4400ms=0 4450ms=0 4500ms=0 4550ms=0 4600ms=0 4650ms=0 4700ms=0 4750ms=0 4800ms=0 4850ms=0 4900ms=0 4950ms=0
50th gpu percentile: 16ms
90th gpu percentile: 18ms
95th gpu percentile: 18ms
99th gpu percentile: 20ms
GPU HISTOGRAM: 1ms=6 2ms=0 3ms=1 4ms=0 5ms=1 6ms=0 7ms=0 8ms=0 9ms=2 10ms=0 11ms=0 12ms=3 13ms=4 14ms=22 15ms=231 16ms=126 17ms=64 18ms=103 19ms=4 20ms=5 21ms=3 22ms=0 23ms=0 24ms=0 25ms=0 4950ms=0



---PROFILEDATA---
Flags,FrameTimelineVsyncId,IntendedVsync,Vsync,InputEventId,HandleInputStart,AnimationStart,PerformTraversalsStart,DrawStart,FrameDeadline,FrameStartTime,FrameInterval,WorkloadTarget,SyncQueued,SyncStart,IssueDrawCommandsStart,SwapBuffers,FrameCompleted,DequeueBufferDuration,QueueBufferDuration,GpuCompleted,SwapBuffersCompleted,DisplayPresentTime,CommandSubmissionCompleted,
0,273534,1373936590405,1373936590405,-985091839,1373937046071,1373937369321,1373937611571,1373937628488,1373969923737,1373937043446,16666666,16666666,1373937870446,1373937945154,1373937971488,1373938325988,1373955481446,15946542,59792,1373955481446,1373954713071,0,1373938325988,
0,273542,1373953257071,1373953257071,-865439277,1373953815279,1373954070363,1373954198238,1373954205488,1373986590403,1373953813071,16666666,16666666,1373954291321,1373954735196,1373954762238,1373955133279,1373972117821,15837583,51375,1373972117821,1373971352696,0,1373955133279,
0,273550,1373969923737,1373969923737,-54646294,1373970404363,1373970746446,1373970852988,1373970857488,1374003257069,1373970401779,16666666,16666666,1373970919988,1373971380779,1373971411196,1373971701988,1373988807779,15755375,73417,1373988807779,1373987901363,0,1373971701988,
0,273558,1373986590403,1373986590403,-734969812,1373987136654,1373987385696,1373987607488,1373987621488,1374019923735,1373987134029,16666666,16666666,1373987852654,1373987915238,1373987963863,1373988447779,1374005736946,15959125,53959,1374005736946,1374004795946,0,1373988447779,
0,273566,1374003257069,1374003257069,-58599458,1374003709488,1374004227696,1374004457154,1374004473654,1374036590401,1374003706613,16666666,16666666,1374004745696,1374004843321,1374004868529,1374005215738,1374022397113,15739792,94250,1374022397113,1374021534946,0,1374005215738,
0,273574,1374019923735,1374019923735,-600403857,1374020529029,1374021077779,1374021458196,1374021477404,1374053257067,1374020526279,16666666,16666666,1374021639488,1374021698071,1374021725321,1374022021113,1374038715363,15555958,62208,1374038715363,1374037986196,0,1374022021113,
0,273582,1374036590401,1374036590401,-892715836,1374037126071,1374037390029,1374037606946,1374037620279,1374069923733,1374037123696,16666666,16666666,1374037974654,1374038008113,1374038043321,1374038332321,1374055500529,15921916,56083,1374055500529,1374054664613,0,1374038332321,
0,273590,1374053257067,1374053257067,-113619421,1374053844238,1374054233363,1374054561696,1374054578946,1374086590399,1374053841863,16666666,16666666,1374054736821,1374054792404,1374054814196,1374055095571,1374072531404,15948792,62708,1374072531404,1374071504029,0,1374055095571,
0,273598,1374069923733,1374069923733,-953359395,1374070578154,1374070924988,1374071175613,1374071329821,1374103257065,1374070575904,16666666,16666666,1374071508029,1374071518654,1374071576863,1374071922821,1374089584779,16039458,119250,1374089584779,1374088607779,0,1374071922821,
0,273606,1374086590399,1374086590399,-203108214,1374087224113,1374087605446,1374087994154,1374088054988,1374119923731,1374087221404,16666666,16666666,1374088223988,1374088624113,1374088652029,1374089114946,1374106101863,15764083,58083,1374106101863,1374105395988,0,1374089114946,
0,273614,1374103257065,1374103257065,-668612483,1374104450196,1374104463404,1374104674738,1374104691696,1374136590397,1374104447613,16666666,16666666,1374104859738,1374105410821,1374105437529,1374105728779,1374122584613,15209708,50834,1374122584613,1374121342154,0,1374105728779,
0,273622,1374119923731,1374119923731,0,1374120533154,1374120533821,1374120706613,1374120722613,1374153257063,1374120530571,16666666,16666666,1374120934654,1374121388196,1374121417363,1374121986571,1374139079779,15495542,66167,1374139079779,1374138150154,0,1374121986571,
0,273630,1374136590397,1374136590397,-36974215,1374137079779,1374137311779,1374137415613,1374137428696,1374169923729,1374137077904,16666666,16666666,1374137631446,1374138171988,1374138192904,1374138505654,1374155878446,15887166,82791,1374155878446,1374155001613,0,1374138505654,
0,273638,1374153257063,1374153257063,-365540807,1374153857113,1374154248988,1374154499321,1374154515196,1374186590395,1374153854071,16666666,16666666,1374154677571,1374155022613,1374155048863,1374155432279,1374172942196,16058625,66750,1374172942196,1374171969363,0,1374155432279,
0,273646,1374169923729,1374169923729,-149518235,1374170832321,1374171234988,1374171473029,1374171575696,1374203257061,1374170829946,16666666,16666666,1374171927988,1374171984654,1374172137196,1374172502946,1374190263863,16500792,110375,1374190263863,1374189481779,0,1374172502946,
0,273654,1374186590395,1374186590395,-817355005,1374188540071,1374188819821,1374189030988,1374189045654,1374219923727,1374188537654,16666666,16666666,1374189338154,1374189497613,1374189522071,1374189806154,1374205664279,14514125,64291,1374205664279,1374204810113,0,1374189806154,
0,273662,1374203257061,1374203257061,-778504343,1374203696654,1374203998196,1374204724404,1374204740196,1374236590393,1374203694238,16666666,16666666,1374204881863,1374204934154,1374204959404,1374205237488,1374222305029,15847334,90375,1374222305029,1374221540988,0,1374205237488,
0,273670,1374219923727,1374219923727,-231374122,1374220540279,1374220798238,1374221000279,1374221013863,1374253257059,1374220537904,16666666,16666666,1374221158654,1374221565863,1374221589071,1374221875738,1374238973071,15517667,105375,1374238973071,1374237865529,0,1374221875738,
0,273678,1374236590393,1374236590393,-598997189,1374237038738,1374237301196,1374237503113,1374237516571,1374269923725,1374237035988,16666666,16666666,1374237915321,1374237974529,1374238000196,1374238280654,1374255634071,15853666,164583,1374255634071,1374254858488,0,1374238280654,
0,273686,1374253257059,1374253257059,-38357825,1374253670113,1374253981363,1374254334113,1374254353571,1374286590391,1374253667446,16666666,16666666,1374254638071,1374254879029,1374254907363,1374255224904,1374272350404,15755167,62875,1374272350404,1374271449363,0,1374255224904,
0,273694,1374269923725,1374269923725,-741208929,1374270429571,1374270785196,1374271019196,1374271032029,1374303257057,1374270426613,16666666,16666666,1374271247238,1374271468946,1374271515529,1374271798988,1374289803113,15962708,80042,1374289803113,1374288372988,0,1374271798988,
0,273702,1374286590391,1374286590391,-1000650401,1374287026113,1374287398196,1374287593196,1374287600988,1374319923723,1374287023779,16666666,16666666,1374287680904,1374288395696,1374288412071,1374289190196,1374305624154,14993250,227000,1374305624154,1374304885113,0,1374289190196,
0,273710,1374303257057,1374303257057,-527741252,1374303693821,1374303968238,1374304312529,1374304327529,1374336590389,1374303691154,16666666,16666666,1374304716071,1374304899946,1374304917571,1374305211988,1374322397238,15782500,84334,1374322397238,1374321433696,0,1374305211988,
0,273718,1374319923723,1374319923723,-1026015886,1374320332654,1374320633779,1374320805279,1374320818154,1374353257055,1374320330529,16666666,16666666,1374321444654,1374321537613,1374321559321,1374321912154,1374339227321,15724417,103042,1374339227321,1374338142696,0,1374321912154,
0,273726,1374336590389,1374336590389,-551726515,1374337004571,1374337145113,1374337286863,1374337296071,1374369923721,1374337002779,16666666,16666666,1374337603279,1374338152238,1374338173779,1374338459571,1374355991779,15711459,281125,1374355991779,1374354972821,0,1374338459571,
0,273734,1374353257055,1374353257055,-1057803211,1374353860613,1374354231321,1374354909404,1374354927863,1374386590387,1374353857321,16666666,16666666,1374355069113,1374355118988,1374355140404,1374355472654,1374372469196,15497375,82542,1374372469196,1374371698821,0,1374355472654,
0,273742,1374369923721,1374369923721,-830899474,1374370640238,1374370862988,1374371402238,1374371412404,1374403257053,1374370637821,16666666,16666666,1374371516321,1374371711071,1374371728821,1374371987446,1374389806863,16221209,56250,1374389806863,1374388736696,0,1374371987446,
0,273750,1374386590387,1374386590387,-373545325,1374387451571,1374388075363,1374388371405,1374388430696,1374419923719,1374387448030,16666666,16666666,1374388878113,1374388944988,1374388974655,1374389326280,1374406587696,15335125,61458,1374406587696,1374405174655,0,1374389326280,
0,273758,1374403257053,1374403257053,-696628311,1374404323280,1374404638780,1374404838821,1374405515655,1374436590385,1374404320321,16666666,16666666,1374405654613,1374405718571,1374405753155,1374406097530,1374422869571,15021084,102417,1374422869571,1374421640030,0,1374406097530,
0,273766,1374419923719,1374419923719,-728296105,1374420491988,1374420885405,1374421219863,1374421235405,1374453257051,1374420488863,16666666,16666666,1374421829030,1374421889863,1374421916655,1374422298446,1374438926071,15104875,161500,1374438926071,1374438012696,0,1374422298446,
0,273774,1374436590385,1374436590385,-295733827,1374437002321,1374437274905,1374437890238,1374437909155,1374469923717,1374437000863,16666666,16666666,1374438069280,1374438119738,1374438141488,1374438466738,1374455377446,15645792,118041,1374455377446,1374454607696,0,1374438466738,
0,273782,1374453257051,1374453257051,-547721449,1374453679696,1374453827030,1374454433363,1374454450030,1374486590383,1374453679280,16666666,16666666,1374454606696,1374454623488,1374454647821,1374454938696,1374472520446,16239917,102375,1374472520446,1374471647988,0,1374454938696,
0,273790,1374469923717,1374469923717,-840921758,1374470604155,1374470755738,1374470896655,1374470904405,1374503257049,1374470603363,16666666,16666666,1374470989655,1374471671946,1374471697405,1374471997905,1374489247780,15937000,115083,1374489247780,1374488481905,0,1374471997905,
0,273798,1374486590383,1374486590383,-819608210,1374487271738,1374487564030,1374487790363,1374487800488,1374519923715,1374487269113,16666666,16666666,1374488137196,1374488494571,1374488515988,1374488800155,1374505960946,15679875,79250,1374505960946,1374504953905,0,1374488800155,
0,273806,1374503257049,1374503257049,-283277258,1374503784988,1374504136571,1374504485446,1374504496030,1374536590381,1374503782363,16666666,16666666,1374505245613,1374505314655,1374505336988,1374505612696,1374522683363,15741125,54375,1374522683363,1374521735655,0,1374505612696,
0,273814,1374519923715,1374519923715,-322117602,1374520658738,1374520979905,1374521674571,1374521689738,1374553257047,1374520656196,16666666,16666666,1374521838988,1374521908446,1374521934196,1374522234738,1374538894321,15177833,125833,1374538894321,1374537892571,0,1374522234738,
0,273822,1374536590381,1374536590381,-672432236,1374537070196,1374537390238,1374537591905,1374537605988,1374569923713,1374537067446,16666666,16666666,1374538143363,1374538198321,1374538221738,1374538497946,1374556965196,16716459,49209,1374556965196,1374555722196,0,1374538497946,
0,273830,1374553257047,1374553257047,-961082466,1374553891530,1374554839946,1374555665321,1374555724946,1374586590379,1374553888405,16666666,16666666,1374555891613,1374555956530,1374555980071,1374556414488,1374572284363,14264500,74833,1374572284363,1374571261946,0,1374556414488,
0,273838,1374569923713,1374569923713,-510437380,1374570366571,1374570653238,1374571116363,1374571133405,1374603257045,1374570363905,16666666,16666666,1374571428946,1374571488571,1374571511196,1374571793446,1374591463946,18198875,75917,1374591463946,1374590514571,0,1374571793446,
0,273846,1374586590379,1374586590379,-506839664,1374589413113,1374589867071,1374590279863,1374590297613,1374619923711,1374589410321,16666666,16666666,1374590544738,1374590594321,1374590617696,1374590933238,1374605609696,13324500,66542,1374605609696,1374604816655,0,1374590933238,
0,273854,1374603257045,1374603257045,-39836276,1374603685363,1374603862071,1374604199321,1374604213530,1374636590377,1374603683655,16666666,16666666,1374604585030,1374604835863,1374604860196,1374605170863,1374622635571,15653333,41459,1374622635571,1374621296488,0,1374605170863,
0,273862,1374619923711,1374619923711,-17021432,1374620495571,1374620734613,1374621382655,1374621402738,1374653257043,1374620493488,16666666,16666666,1374621564280,1374621621530,1374621646030,1374621998946,1374639709821,16260959,60208,1374639709821,1374638939571,0,1374621998946,
0,273870,1374636590377,1374636590377,-808165528,1374637788030,1374637977238,1374638391363,1374638498863,1374669923709,1374637787155,16666666,16666666,1374638719780,1374638956363,1374638979780,1374639260905,1374655800613,15131084,111834,1374655800613,1374654876655,0,1374639260905,
0,273878,1374653257043,1374653257043,-1060147054,1374653853363,1374654252780,1374654647655,1374654663405,1374686590375,1374653850613,16666666,16666666,1374654939030,1374654991321,1374655016321,1374655362863,1374672446446,15769833,81500,1374672446446,1374671602821,0,1374655362863,
0,273886,1374669923709,1374669923709,-265825365,1374670568571,1374670838738,1374670952155,1374670959071,1374703257041,1374670566196,16666666,16666666,1374671365446,1374671620738,1374671647905,1374671937821,1374689565363,15759875,160375,1374689565363,1374688241071,0,1374671937821,
0,273894,1374686590375,1374686590375,-792900595,1374687260405,1374687450405,1374687921321,1374687938155,1374719923707,1374687257780,16666666,16666666,1374688446113,1374688573321,1374688599405,1374689014655,1374705647238,15186792,51208,1374705647238,1374704785905,0,1374689014655,
0,273902,1374703257041,1374703257041,-830498386,1374703651571,1374703663321,1374703822530,1374703838655,1374736590373,1374703648863,16666666,16666666,1374704200530,1374704802405,1374704828655,1374705149655,1374722160488,15663083,120167,1374722160488,1374721344738,0,1374705149655,
0,273910,1374719923707,1374719923707,-825873036,1374720444863,1374720445321,1374720622863,1374720638321,1374753257039,1374720442405,16666666,16666666,1374720921738,1374721366696,1374721391530,1374721708863,1374738821946,15725125,93958,1374738821946,1374737936446,0,1374721708863,
0,273918,1374736590373,1374736590373,-661768790,1374737121946,1374737430696,1374737714946,1374737731780,1374769923705,1374737120571,16666666,16666666,1374737875030,1374737949530,1374737977821,1374738363780,1374756526030,16759958,63000,1374756526030,1374755617113,0,1374738363780,
0,273926,1374753257039,1374753257039,-815012441,1374754703863,1374754968530,1374755211238,1374755227780,1374786590371,1374754701238,16666666,16666666,1374755426071,1374755633155,1374755656780,1374756044363,1374773009155,15587833,66834,1374773009155,1374772145571,0,1374756044363,
0,273934,1374769923705,1374769923705,-968432231,1374771230863,1374771462696,1374771924655,1374771941280,1374803257037,1374771228196,16666666,16666666,1374772266988,1374772315488,1374772338696,1374772614613,1374789512738,15343750,50791,1374789512738,1374788393696,0,1374772614613,
0,273942,1374786590371,1374786590371,-814972749,1374787653155,1374788304821,1374788531488,1374788545988,1374819923703,1374787650280,16666666,16666666,1374788676446,1374788727196,1374788755571,1374789062488,1374806045280,15782084,52875,1374806045280,1374805325030,0,1374789062488,
0,273950,1374803257037,1374803257037,-184476743,1374804498738,1374804750613,1374804932196,1374804943696,1374836590369,1374804496321,16666666,16666666,1374805078155,1374805336780,1374805360071,1374805648571,1374823084488,16268750,50584,1374823084488,1374822365905,0,1374805648571,
0,273958,1374819923703,1374819923703,-453563948,1374821338030,1374821589030,1374821748530,1374821758571,1374853257035,1374821335738,16666666,16666666,1374821866905,1374822382905,1374822405363,1374822687238,1374842894821,18740042,49042,1374842894821,1374841856113,0,1374822687238,
0,273966,1374836590369,1374836590369,-185240286,1374840869863,1374841178196,1374841899946,1374841916613,1374869923701,1374840867446,16666666,16666666,1374842066946,1374842139321,1374842168905,1374842499613,1374855491238,11741083,64667,1374855491238,1374854676363,0,1374842499613,
0,273974,1374853257035,1374853257035,-950882447,1374853740196,1374854135196,1374854538613,1374854546155,1374886590367,1374853737821,16666666,16666666,1374854622113,1374854697155,1374854727530,1374855062363,1374872166280,15917250,46875,1374872166280,1374871439738,0,1374855062363,
0,273982,1374869923701,1374869923701,-632952641,1374870531738,1374870808446,1374871000988,1374871011905,1374903257033,1374870528946,16666666,16666666,1374871144780,1374871452488,1374871474613,1374871758196,1374889690821,16322875,54959,1374889690821,1374888522113,0,1374871758196,
0,273990,1374886590367,1374886590367,-65292740,1374887542946,1374887815863,1374888696155,1374888713238,1374919923699,1374887540155,16666666,16666666,1374888871405,1374888953155,1374888983488,1374889279155,1374906081405,15593208,57625,1374906081405,1374905313321,0,1374889279155,
0,273998,1374903257033,1374903257033,-297455532,1374904481030,1374904704238,1374905160780,1374905178530,1374936590365,1374904479030,16666666,16666666,1374905327321,1374905389530,1374905414780,1374905693863,1374923079863,16192458,51542,1374923079863,1374922320446,0,1374905693863,
0,274006,1374919923699,1374919923699,-74776984,1374921311488,1374921564238,1374921734905,1374921743363,1374953257031,1374921308738,16666666,16666666,1374922216071,1374922336446,1374922362571,1374922661113,1374943032196,18978334,50500,1374943032196,1374942080946,0,1374922661113,
0,274014,1374936590365,1374936590365,-168491060,1374940772196,1374941100280,1374941326655,1374941341571,1374969923697,1374940769321,16666666,16666666,1374942085363,1374942091530,1374942115655,1374942409155,1374958342946,14541625,74667,1374958342946,1374957607280,0,1374942409155,
0,274022,1374953257031,1374953257031,-1055096633,1374956603613,1374956928196,1374957134155,1374957149071,1374986590363,1374956601030,16666666,16666666,1374957549405,1374957622530,1374957643655,1374957935488,1374972965280,13641208,55417,1374972965280,1374972132196,0,1374957935488,
0,274030,1374969923697,1374969923697,-539929410,1374971219780,1374971465738,1374971687821,1374971701488,1375003257029,1374971217405,16666666,16666666,1374972164155,1374972219321,1374972244280,1374972546030,1374989094030,14980833,59834,1374989094030,1374987978196,0,1374972546030,
0,274038,1374986590363,1374986590363,-716060800,1374987101405,1374987395071,1374987893363,1374987910696,1375019923695,1374987098655,16666666,16666666,1374988160905,1374988244696,1374988267988,1374988625238,1375006236488,16244709,56333,1375006236488,1375005382321,0,1374988625238,
0,274046,1375003257029,1375003257029,-780149779,1375004422321,1375004661946,1375004864905,1375004879821,1375036590361,1375004419863,16666666,16666666,1375005046988,1375005397405,1375005423946,1375005789321,1375022444946,15198584,54792,1375022444946,1375021467571,0,1375005789321,
0,274054,1375019923695,1375019923695,-991476596,1375020455280,1375020940696,1375021454280,1375021473030,1375053257027,1375020452488,16666666,16666666,1375021625988,1375021679405,1375021705071,1375022053155,1375041770238,18515334,71917,1375041770238,1375041011613,0,1375022053155,
0,274062,1375036590361,1375036590361,-463878851,1375039933405,1375040273071,1375040547530,1375040565946,1375069923693,1375039930446,16666666,16666666,1375040877821,1375041027488,1375041057821,1375041369613,1375055804238,13247750,59875,1375055804238,1375055049488,0,1375041369613,
0,274070,1375053257027,1375053257027,-446923848,1375053859613,1375054145446,1375054361655,1375054375363,1375086590359,1375053856030,16666666,16666666,1375054539238,1375055065863,1375055089113,1375055378446,1375072420655,15657958,57833,1375072420655,1375071492780,0,1375055378446,
0,274078,1375069923693,1375069923693,-196010581,1375070576321,1375070913780,1375071192780,1375071210280,1375103257025,1375070573655,16666666,16666666,1375071378030,1375071505321,1375071535405,1375071960613,1375090548280,17320626,62417,1375090548280,1375089776280,0,1375071960613,
0,274086,1375086590359,1375086590359,-159904780,1375088626697,1375089031405,1375089243405,1375089417447,1375119923691,1375088623822,16666666,16666666,1375089734655,1375089792238,1375089817280,1375090134238,1375107144905,15839458,54834,1375107144905,1375106429238,0,1375090134238,
0,274094,1375103257025,1375103257025,-607404056,1375105270155,1375105457447,1375105635530,1375105647697,1375136590357,1375105268072,16666666,16666666,1375105788947,1375106442780,1375106466572,1375106764738,1375122557822,14607375,56875,1375122557822,1375121784738,0,1375106764738,
0,274102,1375119923691,1375119923691,-461244205,1375120544947,1375120890822,1375121165030,1375121182697,1375153257023,1375120542572,16666666,16666666,1375121675072,1375121800905,1375121826447,1375122138280,1375138785530,15460833,105334,1375138785530,1375138076447,0,1375122138280,
0,274110,1375136590357,1375136590357,-255410103,1375136952905,1375137396822,1375137614447,1375137631072,1375169923689,1375136950155,16666666,16666666,1375138006155,1375138089363,1375138112988,1375138388447,1375156154822,16272667,101791,1375156154822,1375155089738,0,1375138388447,
0,274118,1375153257023,1375153257023,-582249201,1375153739488,1375154149613,1375154562613,1375154580947,1375186590355,1375153736530,16666666,16666666,1375155282738,1375155342905,1375155367155,1375155647822,1375172946613,15707166,104375,1375172946613,1375171893822,0,1375155647822,
0,274126,1375169923689,1375169923689,-539607668,1375170902947,1375171342780,1375171841697,1375171859197,1375203257021,1375170899988,16666666,16666666,1375172078697,1375172223863,1375172249655,1375172533363,1375189441822,15596916,84875,1375189441822,1375188577988,0,1375172533363,
0,274134,1375186590355,1375186590355,-1020417119,1375187541697,1375187817822,1375188415947,1375188439655,1375219923687,1375187538697,16666666,16666666,1375188616655,1375188668405,1375188692280,1375189007197,1375205881655,15656666,67125,1375205881655,1375205150030,0,1375189007197,
0,274142,1375203257021,1375203257021,-100909270,1375204252613,1375204555280,1375204737905,1375204752822,1375236590353,1375204249988,16666666,16666666,1375204894613,1375205166530,1375205193155,1375205483947,1375223068863,16418917,55791,1375223068863,1375222337572,0,1375205483947,
0,274150,1375219923687,1375219923687,-492150433,1375221147947,1375221785613,1375222007738,1375222024280,1375253257019,1375221125822,16666666,16666666,1375222174905,1375222354322,1375222378280,1375222686697,1375239061280,15040375,56417,1375239061280,1375238144363,0,1375222686697,
0,274158,1375236590353,1375236590353,-139362461,1375236972905,1375237258863,1375237459822,1375237496780,1375269923685,1375236970113,16666666,16666666,1375238061322,1375238159613,1375238188488,1375238539447,1375255492113,15440834,63833,1375255492113,1375254545363,0,1375238539447,
0,274166,1375253257019,1375253257019,-485381080,1375253699822,1375253886572,1375254363738,1375254459613,1375286590351,1375253698155,16666666,16666666,1375254617363,1375254682155,1375254713530,1375255028738,1375272593238,15938250,77333,1375272593238,1375271484697,0,1375255028738,
0,274174,1375269923685,1375269923685,-979889487,1375270629697,1375270907947,1375271237447,1375271252155,1375303257017,1375270628905,16666666,16666666,1375271497155,1375271566363,1375271600947,1375272180822,1375288729405,15333291,58416,1375288729405,1375287957780,0,1375272180822,
0,274182,1375286590351,1375286590351,-288338479,1375287134405,1375287148030,1375287308363,1375287326030,1375319923683,1375287131738,16666666,16666666,1375287546363,1375287974780,1375287996905,1375288384655,1375305673863,16023625,53542,1375305673863,1375304798155,0,1375288384655,
0,274190,1375303257017,1375303257017,-481046952,1375303762905,1375303763530,1375303904655,1375303920822,1375336590349,1375303760655,16666666,16666666,1375304228530,1375304813322,1375304839488,1375305175697,1375322138655,15631000,56042,1375322138655,1375321340322,0,1375305175697,
0,274198,1375319923683,1375319923683,-176601336,1375320455738,1375320765405,1375321236447,1375321253488,1375353257015,1375320453030,16666666,16666666,1375321407447,1375321467197,1375321495363,1375321795947,1375338893988,15968625,44875,1375338893988,1375338138738,0,1375321795947,
0,274206,1375336590349,1375336590349,-765540401,1375337354738,1375337645072,1375337835113,1375337992738,1375369923681,1375337351572,16666666,16666666,1375338136280,1375338151280,1375338174613,1375338454113,1375355406113,15768750,99417,1375355406113,1375354707947,0,1375338454113,
0,274214,1375353257015,1375353257015,-325550516,1375353670488,1375353919113,1375354160780,1375354178822,1375386590347,1375353667863,16666666,16666666,1375354296780,1375354729655,1375354780238,1375355066572,1375372453405,16207209,51375,1375372453405,1375371643030,0,1375355066572,
0,274222,1375369923681,1375369923681,-315974032,1375370496488,1375370752947,1375370983530,1375370995363,1375403257013,1375370493697,16666666,16666666,1375371099113,1375371661572,1375371689322,1375371966572,1375389415363,16243375,63042,1375389415363,1375388729447,0,1375371966572,
0,274230,1375386590347,1375386590347,-528010878,1375387740405,1375387986863,1375388531988,1375388555322,1375419923679,1375387738363,16666666,16666666,1375388710197,1375388747155,1375388774238,1375389061697,1375405971405,15357959,50000,1375405971405,1375404805655,0,1375389061697,
0,274238,1375403257013,1375403257013,-600352744,1375403992780,1375404494697,1375405053822,1375405071530,1375436590345,1375403989905,16666666,16666666,1375405213238,1375405258322,1375405283613,1375405546863,1375422881030,16172417,60500,1375422881030,1375422178738,0,1375405546863,
0,274246,1375419923679,1375419923679,-148669255,1375421283697,1375421494530,1375421760863,1375421778863,1375453257011,1375421283113,16666666,16666666,1375422113572,1375422196947,1375422221988,1375422522405,1375439259322,15674417,56458,1375439259322,1375438583905,0,1375422522405,
0,274254,1375436590345,1375436590345,-87127054,1375437745447,1375437972280,1375438337072,1375438354447,1375469923677,1375437742530,16666666,16666666,1375438496613,1375438595280,1375438616863,1375438881447,1375455723613,15418792,49459,1375455723613,1375454833613,0,1375438881447,
0,274262,1375453257011,1375453257011,-872889333,1375454042322,1375454418155,1375454639405,1375454655697,1375486590343,1375454039572,16666666,16666666,1375454815613,1375454849322,1375454874988,1375455238780,1375472719280,15817334,64292,1375472719280,1375471572905,0,1375455238780,
0,274270,1375469923677,1375469923677,-44207341,1375470455155,1375470958113,1375471467155,1375471484238,1375503257009,1375470452405,16666666,16666666,1375471732613,1375471795197,1375471819363,1375472310738,1375489517155,15616625,58959,1375489517155,1375488454947,0,1375472310738,
0,274278,1375486590343,1375486590343,-699839882,1375487197238,1375487682030,1375488210155,1375488228738,1375519923675,1375487194613,16666666,16666666,1375488454322,1375488521947,1375488612947,1375489060197,1375505780697,15373583,65166,1375505780697,1375504927863,0,1375489060197,
0,274286,1375503257009,1375503257009,-135759758,1375503663572,1375503919322,1375504462322,1375504766280,1375536590341,1375503660988,16666666,16666666,1375504948072,1375504992405,1375505016822,1375505361905,1375522288822,15713625,60709,1375522288822,1375521523613,0,1375505361905,
0,274294,1375519923675,1375519923675,-675590704,1375520428738,1375520746530,1375520951030,1375520965697,1375553257007,1375520425822,16666666,16666666,1375521166447,1375521539988,1375521563905,1375521865113,1375539041405,15791250,60125,1375539041405,1375538115655,0,1375521865113,
0,274302,1375536590341,1375536590341,-924385533,1375537080113,1375537344988,1375537607738,1375537626155,1375569923673,1375537077363,16666666,16666666,1375537938238,1375538146822,1375538177447,1375538563905,1375555418363,15625292,84917,1375555418363,1375554697613,0,1375538563905,
0,274310,1375553257007,1375553257007,-410488643,1375553852697,1375554112738,1375554288780,1375554302572,1375586590339,1375553850113,16666666,16666666,1375554628322,1375554718030,1375554743363,1375555031155,1375572249488,15990459,54541,1375572249488,1375571472905,0,1375555031155,
0,274318,1375569923673,1375569923673,-896609552,1375570523072,1375570740572,1375570910947,1375570922322,1375603257005,1375570520863,16666666,16666666,1375571186947,1375571501822,1375571525863,1375571798280,1375589273322,16284167,54542,1375589273322,1375588560905,0,1375571798280,
0,274326,1375586590339,1375586590339,-40640294,1375587508197,1375587903947,1375588403738,1375588422113,1375619923671,1375587505530,16666666,16666666,1375588570822,1375588592530,1375588616363,1375588893780,1375605622030,15513417,53333,1375605622030,1375604816863,0,1375588893780,
0,274334,1375603257005,1375603257005,-43023500,1375603717030,1375604086155,1375604680405,1375604697988,1375636590337,1375603714613,16666666,16666666,1375604835572,1375604894780,1375604921655,1375605234697,1375622209613,15818500,62000,1375622209613,1375621472113,0,1375605234697,
0,274342,1375619923671,1375619923671,-719374031,1375620401655,1375620625905,1375621065697,1375621080738,1375653257003,1375620399363,16666666,16666666,1375621217322,1375621500780,1375621526613,1375621812738,1375638741697,15609250,58125,1375638741697,1375637861197,0,1375621812738,
0,274350,1375636590337,1375636590337,-299160670,1375637121655,1375637357613,1375637742030,1375637758613,1375669923669,1375637119363,16666666,16666666,1375637885072,1375637953488,1375637975655,1375638246530,1375655339613,15723083,59042,1375655339613,1375654502113,0,1375638246530,
0,274358,1375653257003,1375653257003,-430499773,1375653645655,1375653905738,1375654116530,1375654286905,1375686590335,1375653643238,16666666,16666666,1375654465155,1375654518155,1375654544488,1375654907072,1375674073822,17984667,62458,1375674073822,1375673353280,0,1375654907072,
0,274366,1375669923669,1375669923669,-512118168,1375672401738,1375672627613,1375672802863,1375672816030,1375703257001,1375672399155,16666666,16666666,1375673074530,1375673364655,1375673387197,1375673688030,1375689524905,14768541,75917,1375689524905,1375688869863,0,1375673688030,
0,274374,1375686590335,1375686590335,-315574424,1375687833322,1375688353780,1375688728072,1375688737780,1375719923667,1375687829905,16666666,16666666,1375688837030,1375688886947,1375688913572,1375689174697,1375705249072,15003083,51667,1375705249072,1375704560905,0,1375689174697,
0,274382,1375703257001,1375703257001,-972727163,1375703677238,1375703912655,1375704363572,1375704380113,1375736590333,1375703674697,16666666,16666666,1375704526322,1375704572405,1375704597113,1375704867613,1375722071655,16042708,49958,1375722071655,1375721318905,0,1375704867613,
0,274390,1375719923667,1375719923667,-917865819,1375720471863,1375720703697,1375720881697,1375720890655,1375753256999,1375720469613,16666666,16666666,1375721280780,1375721338488,1375721360197,1375721652155,1375739075197,16173667,50833,1375739075197,1375738274363,0,1375721652155,
0,274398,1375736590333,1375736590333,-733017223,1375737300197,1375737563988,1375737792572,1375737806363,1375769923665,1375737297530,16666666,16666666,1375738121572,1375738288613,1375738312947,1375738688947,1375755656072,15667125,54667,1375755656072,1375754773447,0,1375738688947,
0,274406,1375753256999,1375753256999,-199947814,1375753841197,1375754116447,1375754272488,1375754283113,1375786590331,1375753838655,16666666,16666666,1375754752822,1375754786863,1375754815155,1375755154155,1375772679488,16154625,77167,1375772679488,1375771859488,0,1375755154155,
0,274414,1375769923665,1375769923665,-623413937,1375771032405,1375771304572,1375771460530,1375771471238,1375803256997,1375771029988,16666666,16666666,1375771813030,1375771874530,1375771912363,1375772265405,1375789245572,15297709,63000,1375789245572,1375788078239,0,1375772265405,
0,274422,1375786590331,1375786590331,-128538304,1375787161905,1375787458822,1375788135822,1375788150739,1375819923663,1375787159739,16666666,16666666,1375788298489,1375788336989,1375788361280,1375788727489,1375809138239,19112166,63083,1375809138239,1375808407822,0,1375788727489,
0,274430,1375803256997,1375803256997,-436030448,1375807388030,1375807663197,1375807872780,1375807886530,1375836590329,1375807385572,16666666,16666666,1375808246114,1375808424697,1375808456364,1375808765822,1375822545197,12401041,56542,1375822545197,1375821568239,0,1375808765822,
0,274438,1375819923663,1375819923663,-260643490,1375820573697,1375821015572,1375821466405,1375821484322,1375853256995,1375820571155,16666666,16666666,1375821643739,1375821701364,1375821735822,1375822088614,1375841688989,18416792,73083,1375841688989,1375840992864,0,1375822088614,
0,274446,1375836590329,1375836590329,-50728323,1375840178364,1375840394405,1375840577322,1375840595572,1375869923661,1375840176114,16666666,16666666,1375840956864,1375841005197,1375841027322,1375841311822,1375856269864,13490375,52541,1375856269864,1375855207072,0,1375841311822,
0,274454,1375853256995,1375853256995,-299152258,1375854089030,1375854355572,1375854598655,1375854618739,1375886590327,1375854086572,16666666,16666666,1375854878697,1375855224530,1375855249364,1375855723614,1375873652072,16444958,57250,1375873652072,1375872757447,0,1375855723614,
0,274462,1375869923661,1375869923661,-659210288,1375871750155,1375871767989,1375872260447,1375872280989,1375903256993,1375871746155,16666666,16666666,1375872591280,1375872779864,1375872805447,1375873087322,1375889009864,14561917,118917,1375889009864,1375888244405,0,1375873087322,
0,274470,1375886590327,1375886590327,0,1375887095072,1375887095489,1375887240655,1375887258405,1375919923659,1375887092155,16666666,16666666,1375887432989,1375888267947,1375888293989,1375888592864,1375905994989,16260959,100541,1375905994989,1375905302614,0,1375888592864,
0,274478,1375903256993,1375903256993,0,1375904345114,1375904345572,1375904508197,1375904527405,1375936590325,1375904342197,16666666,16666666,1375904723989,1375905318905,1375905344572,1375905608822,1375922173155,15248667,57083,1375922173155,1375921278030,0,1375905608822,
0,274486,1375919923659,1375919923659,0,1375920385864,1375920386155,1375920567905,1375920586072,1375936590325,1375920383447,16666666,16666666,1375920831155,1375921296489,1375921321905,1375921692280,1373938701863,15581250,59458,1373938701863,1375937787822,0,1375921692280,
---PROFILEDATA---


View hierarchy:

  com.aurora.arcade/com.aurora.arcade.MainActivity/android.view.ViewRootImpl@2b90a0d
  10 views, 18.55 kB of render nodes


Total ViewRootImpl   : 1
Total attached Views : 10
Total RenderNode     : 18.55 kB (used) / 50.38 kB (capacity)
