Applications Graphics Acceleration Info:
Uptime: 656061 Realtime: 656061

** Graphics info for pid 5184 [com.aurora.arcade] **

Stats since: 595588411450ns
Total frames rendered: 3628
Janky frames: 1 (0.03%)
Janky frames (legacy): 598 (16.48%)
50th percentile: 19ms
90th percentile: 20ms
95th percentile: 21ms
99th percentile: 23ms
Number Missed Vsync: 0
Number High input latency: 7254
Number Slow UI thread: 1
Number Slow bitmap uploads: 0
Number Slow issue draw commands: 1
Number Frame deadline missed: 1
Number Frame deadline missed (legacy): 1
HISTOGRAM: 5ms=0 6ms=0 7ms=0 8ms=0 9ms=0 10ms=0 11ms=0 12ms=0 13ms=1 14ms=2 15ms=0 16ms=0 17ms=1 18ms=239 19ms=2323 20ms=879 21ms=117 22ms=28 23ms=13 24ms=10 25ms=4 26ms=2 27ms=1 28ms=1 29ms=1 30ms=0 31ms=0 32ms=1 34ms=0 36ms=2 38ms=0 40ms=1 42ms=0 44ms=0 46ms=0 48ms=2 53ms=0 57ms=0 61ms=0 65ms=0 69ms=0 73ms=0 77ms=0 81ms=0 85ms=0 89ms=0 93ms=0 97ms=0 101ms=0 105ms=0 109ms=0 113ms=0 117ms=0 121ms=0 125ms=0 129ms=0 133ms=0 150ms=0 200ms=0 250ms=0 300ms=0 350ms=0 400ms=0 450ms=0 500ms=0 550ms=0 600ms=0 650ms=0 700ms=0 750ms=0 800ms=0 850ms=0 900ms=0 950ms=0 1000ms=0 1050ms=0 1100ms=0 1150ms=0 1200ms=0 1250ms=0 1300ms=0 1350ms=0 1400ms=0 1450ms=0 1500ms=0 1550ms=0 1600ms=0 1650ms=0 1700ms=0 1750ms=0 1800ms=0 1850ms=0 1900ms=0 1950ms=0 2000ms=0 2050ms=0 2100ms=0 2150ms=0 2200ms=0 2250ms=0 2300ms=0 2350ms=0 2400ms=0 2450ms=0 2500ms=0 2550ms=0 2600ms=0 2650ms=0 2700ms=0 2750ms=0 2800ms=0 2850ms=0 2900ms=0 2950ms=0 3000ms=0 3050ms=0 3100ms=0 3150ms=0 3200ms=0 3250ms=0 3300ms=0 3350ms=0 3400ms=0 3450ms=0 3500ms=0 3550ms=0 3600ms=0 3650ms=0 3700ms=0 3750ms=0 3800ms=0 3850ms=0 3900ms=0 3950ms=0 4000ms=0 4050ms=0 4100ms=0 4150ms=0 4200ms=0 4250ms=0 4300ms=0 4350ms=0 4400ms=0 4450ms=0 4500ms=0 4550ms=0 4600ms=0 4650ms=0 4700ms=0 4750ms=0 4800ms=0 4850ms=0 4900ms=0 4950ms=0
50th gpu percentile: 18ms
90th gpu percentile: 19ms
95th gpu percentile: 19ms
99th gpu percentile: 21ms
GPU HISTOGRAM: 1ms=0 2ms=0 3ms=0 4ms=0 5ms=0 6ms=1 7ms=0 8ms=0 9ms=1 10ms=1 11ms=0 12ms=4 13ms=10 14ms=11 15ms=24 16ms=143 17ms=903 18ms=1886 19ms=531 20ms=59 21ms=27 22ms=11 23ms=8 24ms=3 25ms=2 4950ms=3

Pipeline=Skia (OpenGL)
Memory policy:
  Max surface area: 2332800
  Max resource usage: 111.97MB (x48)
  Background retention: 50% (altUiHidden = true)
  GPU Context timeout: 10
Contexts: 1 (stopped = 0)
CPU Caches:
  Glyph Cache: 217.14 KB (1 entry)
  Glyph Count: 62
Total CPU memory usage:
  222356 bytes, 217.14 KB (0.00 bytes is purgeable)
GPU Caches:
  Other:
    Other: 4.81 KB (1 entry)
    Buffer Object: 2.94 KB (6 entries)
    StencilAttachment: 1.07 MB (3 entries)
  Image:
    Texture: 64.00 bytes (1 entry)
  Scratch:
    RenderTarget: 1.47 MB (3 entries)
    Texture: 2.00 MB (1 entry)
    Buffer Object: 334.00 KB (6 entries)
Total GPU memory usage:
  5109574 bytes, 4.87 MB (1.59 MB is purgeable)

GraphicBufferAllocator buffers:
            Handle |         Size |     W (Stride) x H | Layers |   Format |      Usage | Requestor
0xb400007d75e0f200 |      unknown | 1080 (   0) x 2160 |      1 |        1 | 0x     b00 | VRI[MainActivity]#0(BLAST Consumer)0
0xb400007d75e0f2e0 |      unknown | 1080 (   0) x 2160 |      1 |        1 | 0x     b00 | VRI[MainActivity]#0(BLAST Consumer)0
0xb400007d75e13410 |      unknown | 1080 (   0) x 2160 |      1 |        1 | 0x     b00 | VRI[MainActivity]#0(BLAST Consumer)0
Total allocated by GraphicBufferAllocator (estimate): 0.00 KB
Imported gralloc buffers:
+ name:VRI[MainActivity]#0(BLAST Consumer)0, id:210, size:9112.81KiB, w/h:1080x2160, usage: 0xb00, req fmt:1, fourcc/mod:875708993/0, dataspace: 0x8810000, compressed: false
+ name:VRI[MainActivity]#0(BLAST Consumer)0, id:209, size:9112.81KiB, w/h:1080x2160, usage: 0xb00, req fmt:1, fourcc/mod:875708993/0, dataspace: 0x8810000, compressed: false
+ name:VRI[MainActivity]#0(BLAST Consumer)0, id:208, size:9112.81KiB, w/h:1080x2160, usage: 0xb00, req fmt:1, fourcc/mod:875708993/0, dataspace: 0x0, compressed: false
Total imported by gralloc: 27338.44KiB

Profile data in ms:

	com.aurora.arcade/com.aurora.arcade.MainActivity/android.view.ViewRootImpl@4639776 (visibility=0)
Window: com.aurora.arcade/com.aurora.arcade.MainActivity
Stats since: 595588411325ns
Total frames rendered: 3628
Janky frames: 1 (0.03%)
Janky frames (legacy): 598 (16.48%)
50th percentile: 19ms
90th percentile: 20ms
95th percentile: 21ms
99th percentile: 23ms
Number Missed Vsync: 0
Number High input latency: 7254
Number Slow UI thread: 1
Number Slow bitmap uploads: 0
Number Slow issue draw commands: 1
Number Frame deadline missed: 1
Number Frame deadline missed (legacy): 1
HISTOGRAM: 5ms=0 6ms=0 7ms=0 8ms=0 9ms=0 10ms=0 11ms=0 12ms=0 13ms=1 14ms=2 15ms=0 16ms=0 17ms=1 18ms=239 19ms=2323 20ms=879 21ms=117 22ms=28 23ms=13 24ms=10 25ms=4 26ms=2 27ms=1 28ms=1 29ms=1 30ms=0 31ms=0 32ms=1 34ms=0 36ms=2 38ms=0 40ms=1 42ms=0 44ms=0 46ms=0 48ms=2 53ms=0 57ms=0 61ms=0 65ms=0 69ms=0 73ms=0 77ms=0 81ms=0 85ms=0 89ms=0 93ms=0 97ms=0 101ms=0 105ms=0 109ms=0 113ms=0 117ms=0 121ms=0 125ms=0 129ms=0 133ms=0 150ms=0 200ms=0 250ms=0 300ms=0 350ms=0 400ms=0 450ms=0 500ms=0 550ms=0 600ms=0 650ms=0 700ms=0 750ms=0 800ms=0 850ms=0 900ms=0 950ms=0 1000ms=0 1050ms=0 1100ms=0 1150ms=0 1200ms=0 1250ms=0 1300ms=0 1350ms=0 1400ms=0 1450ms=0 1500ms=0 1550ms=0 1600ms=0 1650ms=0 1700ms=0 1750ms=0 1800ms=0 1850ms=0 1900ms=0 1950ms=0 2000ms=0 2050ms=0 2100ms=0 2150ms=0 2200ms=0 2250ms=0 2300ms=0 2350ms=0 2400ms=0 2450ms=0 2500ms=0 2550ms=0 2600ms=0 2650ms=0 2700ms=0 2750ms=0 2800ms=0 2850ms=0 2900ms=0 2950ms=0 3000ms=0 3050ms=0 3100ms=0 3150ms=0 3200ms=0 3250ms=0 3300ms=0 3350ms=0 3400ms=0 3450ms=0 3500ms=0 3550ms=0 3600ms=0 3650ms=0 3700ms=0 3750ms=0 3800ms=0 3850ms=0 3900ms=0 3950ms=0 4000ms=0 4050ms=0 4100ms=0 4150ms=0 4200ms=0 4250ms=0 4300ms=0 4350ms=0 4400ms=0 4450ms=0 4500ms=0 4550ms=0 4600ms=0 4650ms=0 4700ms=0 4750ms=0 4800ms=0 4850ms=0 4900ms=0 4950ms=0
50th gpu percentile: 18ms
90th gpu percentile: 19ms
95th gpu percentile: 19ms
99th gpu percentile: 21ms
GPU HISTOGRAM: 1ms=0 2ms=0 3ms=0 4ms=0 5ms=0 6ms=1 7ms=0 8ms=0 9ms=1 10ms=1 11ms=0 12ms=4 13ms=10 14ms=11 15ms=24 16ms=143 17ms=903 18ms=1886 19ms=531 20ms=59 21ms=27 22ms=11 23ms=8 24ms=3 25ms=2 4950ms=3



---PROFILEDATA---
Flags,FrameTimelineVsyncId,IntendedVsync,Vsync,InputEventId,HandleInputStart,AnimationStart,PerformTraversalsStart,DrawStart,FrameDeadline,FrameStartTime,FrameInterval,WorkloadTarget,SyncQueued,SyncStart,IssueDrawCommandsStart,SwapBuffers,FrameCompleted,DequeueBufferDuration,QueueBufferDuration,GpuCompleted,SwapBuffersCompleted,DisplayPresentTime,CommandSubmissionCompleted,
0,130089,654069338908,654069338908,0,654069918478,654069918686,654070033478,654070045811,654119338906,654069916270,16666666,16666666,654070269603,654070617020,654070644311,654071398520,654088927811,15098042,134375,654088927811,654087230603,0,654071398520,
0,130097,654086005574,654086005574,0,654086493978,654086494186,654086577978,654086589103,654136005572,654086492936,16666666,16666666,654087013853,654087245311,654087269395,654088127478,654105893395,15222500,174458,654105893395,654104183270,0,654088127478,
0,130105,654102672240,654102672240,0,654103297395,654103297603,654103412895,654103427186,654152672238,654103295395,16666666,16666666,654103736311,654104194770,654104218770,654105111936,654123009186,15287292,161125,654123009186,654121218353,0,654105111936,
0,130113,654119338906,654119338906,-941093189,654120114603,654120115186,654120523478,654120540895,654169338904,654120113061,16666666,16666666,654120790895,654121235770,654121263728,654122211561,654140069103,15264875,128333,654140069103,654138310395,0,654122211561,
0,130121,654136005572,654136005572,0,654137595853,654137596478,654137741520,654137757770,654186005570,654137593520,16666666,16666666,654138127811,654138333436,654138364145,654139292270,654156059103,14273958,150959,654156059103,654154392520,0,654139292270,
0,130129,654152672238,654152672238,0,654153488270,654153488436,654153577770,654153588561,654202672236,654153487186,16666666,16666666,654153794478,654154408603,654154435603,654155367686,654173134811,15181417,156333,654173134811,654171306811,0,654155367686,
0,130137,654169338904,654169338904,0,654170407561,654170407853,654170626395,654170644103,654219338902,654170405978,16666666,16666666,654171081020,654171322603,654171357603,654172447478,654189087436,14138750,63541,654189087436,654187304936,0,654172447478,
0,130145,654186005570,654186005570,0,654186517103,654186517311,654186622728,654186639811,654236005568,654186515270,16666666,16666666,654187015353,654187321020,654187351895,654188378895,654206055145,15344916,47417,654206055145,654204461270,0,654188378895,
0,130153,654202672236,654202672236,-885012073,654203438436,654203438895,654203823395,654203859478,654252672234,654203436395,16666666,16666666,654204307561,654204475978,654204506353,654205402145,654222396895,14752125,64042,654222396895,654220836561,0,654205402145,
0,130161,654219338902,654219338902,0,654219838395,654219839020,654220066811,654220084853,654269338900,654219835728,16666666,16666666,654220342395,654220853978,654220880728,654221751728,654239483478,15397292,50542,654239483478,654237828270,0,654221751728,
0,130169,654236005568,654236005568,0,654236797728,654236798186,654236991228,654237008561,654286005566,654236794978,16666666,16666666,654237278853,654237845228,654237873478,654238780686,654256050436,15031292,53250,654256050436,654254544478,0,654238780686,
0,130177,654252672234,654252672234,0,654253741228,654253741811,654253847436,654253860811,654302672232,654253739728,16666666,16666666,654254087978,654254560186,654254585645,654255491603,654272611728,14814708,103125,654272611728,654270898895,0,654255491603,
0,130185,654269338900,654269338900,0,654269775478,654269775936,654269908228,654269923103,654319338898,654269772728,16666666,16666666,654270206186,654270914395,654270946186,654271888311,654289395103,15021333,58875,654289395103,654287664686,0,654271888311,
0,130193,654286005566,654286005566,-655875182,654286677811,654286678270,654287182645,654287200228,654336005564,654286676228,16666666,16666666,654287746478,654287797270,654287826186,654288710686,654306043520,14447625,92875,654306043520,654303870811,0,654288710686,
0,130201,654302672232,654302672232,0,654303052228,654303052686,654303211853,654303228645,654352672230,654303049770,16666666,16666666,654303508561,654303884228,654303910145,654305249353,654323172061,15137042,108667,654323172061,654321236311,0,654305249353,
0,130209,654319338898,654319338898,0,654319834478,654319834936,654320541353,654320559353,654369338896,654319831895,16666666,16666666,654320932436,654321257270,654321287103,654322258728,654338960311,14154584,183209,654338960311,654337360728,0,654322258728,
0,130217,654336005564,654336005564,0,654336425811,654336426270,654336544103,654336560353,654386005562,654336423478,16666666,16666666,654336804978,654337373103,654337400603,654338242311,654356219395,15693292,117167,654356219395,654354692770,0,654338242311,
0,130225,654352672230,654352672230,0,654353577561,654353577895,654353710936,654353726270,654402672228,654353575728,16666666,16666666,654353996270,654354722770,654354756853,654355737436,654373797603,15144125,112250,654373797603,654371393228,0,654355737436,
0,130233,654369338896,654369338896,-444964762,654370443312,654370443853,654371181478,654371286187,654419338894,654370440895,16666666,16666666,654371696020,654371741687,654371776395,654373126020,654388664770,13343500,61125,654388664770,654387200062,0,654373126020,
0,130241,654386005562,654386005562,0,654386512770,654386513103,654386620812,654386632062,654436005560,654386460228,16666666,16666666,654386818770,654387214520,654387237978,654388058103,654405698645,15297250,46625,654405698645,654403991270,0,654388058103,
0,130249,654402672228,654402672228,0,654403089187,654403089645,654403252270,654403269937,654452672226,654403086728,16666666,16666666,654403547187,654404051228,654404141187,654405020562,654422892603,15585792,64875,654422892603,654421315562,0,654405020562,
0,130257,654419338894,654419338894,0,654420253395,654420253812,654420553562,654420570020,654469338892,654420251103,16666666,16666666,654420825603,654421333562,654421359062,654422218687,654439699478,15047958,58375,654439699478,654437981270,0,654422218687,
0,130265,654436005560,654436005560,0,654436579312,654436579895,654436723770,654436741687,654486005558,654436576520,16666666,16666666,654436985770,654437999478,654438029353,654438892103,654456078770,14577375,91125,654456078770,654454306395,0,654438892103,
0,130273,654452672226,654452672226,-857107467,654453437353,654453437978,654453778103,654453796395,654502672224,654453434978,16666666,16666666,654454125270,654454321603,654454344020,654455466562,654472258770,14722417,82166,654472258770,654470839395,0,654455466562,
0,130281,654469338892,654469338892,0,654470138062,654470138395,654470286853,654470303978,654519338890,654470135562,16666666,16666666,654470531770,654470852520,654470877728,654471564020,654488998937,15035125,47458,654488998937,654487344603,0,654471564020,
0,130289,654486005558,654486005558,0,654486481228,654486481562,654486578853,654486592145,654536005556,654486479645,16666666,16666666,654486813437,654487360853,654487388187,654488333812,654506526645,15977500,56667,654506526645,654505011228,0,654488333812,
0,130297,654502672224,654502672224,0,654504089437,654504089937,654504454603,654504470437,654552672222,654504087062,16666666,16666666,654504841437,654505025103,654505051520,654505901103,654522370187,14231541,49708,654522370187,654520802270,0,654505901103,
0,130305,654519338890,654519338890,0,654519780478,654519780687,654519857020,654519865895,654569338888,654519779603,16666666,16666666,654520148395,654520829270,654520862562,654521717812,654539077812,15115250,47333,654539077812,654537544478,0,654521717812,
0,130313,654536005556,654536005556,-184877863,654536601395,654536601853,654536993395,654537015270,654586005554,654536598812,16666666,16666666,654537450228,654537558437,654537586770,654538384187,654555962687,15381334,53500,654555962687,654554489603,0,654538384187,
0,130321,654552672222,654552672222,0,654553713353,654553713812,654553848728,654553861395,654602672220,654553711020,16666666,16666666,654554370520,654554506395,654554530062,654555451103,654572823770,15089708,69625,654572823770,654571086895,0,654555451103,
0,130329,654569338888,654569338888,0,654569977812,654569978353,654570131645,654570148937,654619338886,654569975228,16666666,16666666,654570423937,654571105520,654571133853,654572081978,654589941103,15532917,63459,654589941103,654588384812,0,654572081978,
0,130337,654586005554,654586005554,0,654587312562,654587312853,654587405645,654587417978,654636005552,654587311353,16666666,16666666,654587638812,654588399437,654588424395,654589279770,654606250312,14542333,61500,654606250312,654604512437,0,654589279770,
0,130345,654602672220,654602672220,0,654603446520,654603446978,654603562020,654603576853,654652672218,654603415228,16666666,16666666,654603816228,654604526270,654604552312,654605457103,654622560520,14517416,135792,654622560520,654620828728,0,654605457103,
0,130353,654619338886,654619338886,-18411321,654619777770,654619778145,654620239187,654620255478,654669338884,654619776187,16666666,16666666,654620712937,654620845228,654620873728,654621823395,654639579562,15183583,135500,654639579562,654637775437,0,654621823395,
0,130361,654636005552,654636005552,0,654636831770,654636832270,654636981978,654637000562,654686005550,654636829187,16666666,16666666,654637282478,654637792103,654637822062,654638759687,654655942395,14803208,130333,654655942395,654654414353,0,654638759687,
0,130369,654652672218,654652672218,0,654653566478,654653566687,654653726937,654653745020,654702672216,654653563978,16666666,16666666,654654024853,654654445687,654654472187,654655382520,654672585145,14821625,103084,654672585145,654670810228,0,654655382520,
0,130377,654669338884,654669338884,0,654670171145,654670171395,654670273478,654670283978,654719338882,654670169770,16666666,16666666,654670486520,654670823728,654670849062,654671731645,654689548437,14828333,101292,654689548437,654687459187,0,654671731645,
0,130385,654686005550,654686005550,0,654686714520,654686714937,654686817062,654686828895,654736005548,654686713020,16666666,16666666,654687173603,654687475978,654687493937,654688729187,654706785145,15573541,128167,654706785145,654705157020,0,654688729187,
0,130393,654702672216,654702672216,-17310119,654704332978,654704333478,654704710145,654704727270,654752672214,654704330812,16666666,16666666,654705161520,654705170520,654705186228,654706072520,654722338853,13883958,100084,654722338853,654720720937,0,654706072520,
0,130401,654719338882,654719338882,0,654719948812,654719949103,654720097312,654720107562,654769338880,654719947770,16666666,16666666,654720303020,654720735520,654720760062,654721627103,654739539978,15451041,93500,654739539978,654737824395,0,654721627103,
0,130409,654736005548,654736005548,0,654737024145,654737024353,654737165937,654737182895,654786005546,654737021728,16666666,16666666,654737468978,654737837562,654737863437,654738793978,654755929228,14970958,115792,654755929228,654754538978,0,654738793978,
0,130417,654752672214,654752672214,0,654753689478,654753689978,654753833603,654753849312,654802672212,654753687062,16666666,16666666,654754099270,654754554478,654754579270,654755512728,654772276062,14728750,48209,654772276062,654770729103,0,654755512728,
0,130425,654769338880,654769338880,0,654769910520,654769911145,654770022937,654770038103,654819338878,654769908187,16666666,16666666,654770295353,654770742812,654770764645,654771547187,654789601562,15381333,57542,654789601562,654787686187,0,654771547187,
0,130433,654786005546,654786005546,-424653504,654786696687,654786697187,654787168062,654787183853,654836005544,654786695062,16666666,16666666,654787742812,654787804478,654787840645,654788816812,654806354270,15009125,109084,654806354270,654804643770,0,654788816812,
0,130441,654802672212,654802672212,0,654803835437,654803835770,654803990645,654804233353,654852672210,654803833895,16666666,16666666,654804629062,654804673103,654804719645,654805817853,654823204228,15253500,165167,654823204228,654821643228,0,654805817853,
0,130449,654819338878,654819338878,0,654820762020,654820762270,654820871603,654820883228,654869338876,654820760478,16666666,16666666,654821101478,654821661603,654821687812,654822537062,654839101187,14318834,55208,654839101187,654837570437,0,654822537062,
0,130457,654836005544,654836005544,0,654836712603,654836713228,654836855562,654836873145,654886005542,654836709353,16666666,16666666,654837158020,654837586603,654837613603,654838451645,654855645270,14777458,56167,654855645270,654853905728,0,654838451645,
0,130465,654852672210,654852672210,0,654853155395,654853155728,654853421437,654853441853,654902672208,654853153562,16666666,16666666,654853748187,654853928895,654853965020,654854859020,654873094187,15299834,130750,654873094187,654870974103,0,654854859020,
0,130473,654869338876,654869338876,-714677034,654870007520,654870007728,654870566645,654870584562,654919338874,654870005562,16666666,16666666,654871191478,654871242603,654871271937,654872437312,654889362853,14508792,120375,654889362853,654887637103,0,654872437312,
0,130481,654886005542,654886005542,0,654886739770,654886740020,654886851312,654886862395,654936005540,654886738062,16666666,16666666,654887100812,654887653603,654887682770,654888640103,654906277603,15395917,69541,654906277603,654904792728,0,654888640103,
0,130489,654902672208,654902672208,0,654903635812,654903636353,654903802562,654903820937,654952672206,654903633145,16666666,16666666,654904311978,654904807020,654904839103,654905680603,654922146312,14361625,58833,654922146312,654920667437,0,654905680603,
0,130497,654919338874,654919338874,0,654919844187,654919844603,654919974520,654919990728,654969338872,654919841728,16666666,16666666,654920311770,654920682145,654920709562,654921512562,654939971728,16380083,52792,654939971728,654938554728,0,654921512562,
0,130505,654936005540,654936005540,0,654937778895,654937779353,654937909437,654937925062,654986005538,654937775937,16666666,16666666,654938171395,654938569270,654938594353,654939402187,654955908062,14343000,45708,654955908062,654954343145,0,654939402187,
0,130513,654952672206,654952672206,-397293879,654953374353,654953374853,654953709437,654953725978,655002672204,654953372270,16666666,16666666,654954217145,654954359728,654954386228,654955234603,654972390937,14986416,65125,654972390937,654970925562,0,654955234603,
0,130521,654969338872,654969338872,0,654969971687,654969971978,654970257895,654970274270,655019338870,654969968978,16666666,16666666,654970529645,654970939062,654970965937,654971757312,654988949728,14855458,63959,654988949728,654987284228,0,654971757312,
0,130529,654986005538,654986005538,0,654986456395,654986456978,654986580687,654986595353,655036005536,654986454353,16666666,16666666,654986874478,654987300228,654987325562,654988413770,655007604103,17260000,47042,655007604103,655006235853,0,654988413770,
0,130537,655002672204,655002672204,0,655005307770,655005308062,655005436520,655005450812,655052672202,655005305895,16666666,16666666,655005784270,655006249978,655006279728,655006998603,655022083853,13070250,52291,655022083853,655020699187,0,655006998603,
0,130545,655019338870,655019338870,0,655019634812,655019634978,655019751562,655019761645,655069338868,655019633520,16666666,16666666,655019946437,655020712645,655020736187,655021519728,655040105728,16468917,52250,655040105728,655038580478,0,655021519728,
0,130553,655036005536,655036005536,-371582863,655037877770,655037878103,655038194770,655038211437,655086005534,655037875312,16666666,16666666,655038504728,655038594853,655038621770,655039433603,655055303187,13860042,118166,655055303187,655053991187,0,655039433603,
0,130561,655052672202,655052672202,0,655053191270,655053191770,655053364520,655053382603,655102672200,655053188728,16666666,16666666,655053629228,655054006645,655054029187,655054726353,655072240645,15343584,56625,655072240645,655070675854,0,655054726353,
0,130569,655069338868,655069338868,0,655069846645,655069847187,655069976770,655069993062,655119338866,655069843812,16666666,16666666,655070229895,655070690937,655070716479,655071540729,655090710937,16935709,54208,655090710937,655089205062,0,655071540729,
0,130577,655086005534,655086005534,0,655088342145,655088342437,655088470729,655088486145,655136005532,655088340187,16666666,16666666,655088738687,655089221437,655089249812,655090123770,655105701520,13406084,56166,655105701520,655104162770,0,655090123770,
0,130585,655102672200,655102672200,0,655103036270,655103036729,655103158895,655103173187,655152672198,655103034604,16666666,16666666,655103418062,655104177979,655104212770,655105075854,655122086187,14869208,55625,655122086187,655120616937,0,655105075854,
0,130593,655119338866,655119338866,-696085989,655119752270,655119752812,655120174020,655120190520,655169338864,655119749854,16666666,16666666,655120405479,655120634979,655120662729,655121465229,655139909145,16223084,48416,655139909145,655138340187,0,655121465229,
0,130601,655136005532,655136005532,0,655137597770,655137598395,655137777562,655137795229,655186005530,655137594770,16666666,16666666,655138155645,655138354812,655138384770,655139260270,655155968604,14352584,74959,655155968604,655154313812,0,655139260270,
0,130609,655152672198,655152672198,0,655153577020,655153577229,655153671104,655153681312,655202672196,655153575895,16666666,16666666,655153889145,655154330604,655154362229,655155261854,655172508812,14884750,112000,655172508812,655170895104,0,655155261854,
0,130617,655169338864,655169338864,0,655170069770,655170070395,655170198562,655170215020,655219338862,655170067187,16666666,16666666,655170477104,655170914770,655170963354,655171809395,655189141020,14615792,106500,655189141020,655187150770,0,655171809395,
0,130625,655186005530,655186005530,0,655186310979,655186311270,655186406104,655186417270,655236005528,655186309729,16666666,16666666,655186626520,655187165520,655187193020,655188303187,655206387604,15621041,183708,655206387604,655204826020,0,655188303187,
0,130633,655202672196,655202672196,-914807527,655203769229,655203769604,655204314229,655204332062,655252672194,655203767062,16666666,16666666,655204575520,655204840604,655204868520,655205742770,655222332020,14306958,53959,655222332020,655220724770,0,655205742770,
0,130641,655219338862,655219338862,0,655219782729,655219783145,655219906895,655219919229,655269338860,655219780687,16666666,16666666,655220302604,655220740187,655220768020,655221673395,655239135687,15199792,71917,655239135687,655237560729,0,655221673395,
0,130649,655236005528,655236005528,0,655236865395,655236865687,655236982854,655236995895,655286005526,655236863520,16666666,16666666,655237226270,655237576145,655237603812,655238522104,655255752145,14882125,72458,655255752145,655254056812,0,655238522104,
0,130657,655252672194,655252672194,0,655253218270,655253218437,655253340937,655253354895,655302672192,655253216395,16666666,16666666,655253576270,655254075145,655254100395,655254988229,655272147687,14577792,51667,655272147687,655270361854,0,655254988229,
0,130665,655269338860,655269338860,0,655269668104,655269668520,655269775854,655269789437,655319338858,655269666437,16666666,16666666,655270024312,655270378812,655270437729,655271382104,655289762770,15774208,149917,655289762770,655287952854,0,655271382104,
0,130673,655286005526,655286005526,-1066827076,655286987270,655286987770,655287430812,655287445520,655336005524,655286985437,16666666,16666666,655287843520,655287970645,655288244270,655289133562,655306624979,15189084,52791,655306624979,655304984145,0,655289133562,
0,130681,655302672192,655302672192,0,655303961479,655303962062,655304174729,655304192770,655352672190,655303958729,16666666,16666666,655304550604,655304997770,655305024645,655305906520,655323522770,15177834,63875,655323522770,655321838770,0,655305906520,
0,130689,655319338858,655319338858,0,655320824770,655320825229,655320978145,655320993854,655369338856,655320822395,16666666,16666666,655321253187,655321878312,655321911437,655322850854,655339634104,14653125,61542,655339634104,655338205645,0,655322850854,
0,130697,655336005524,655336005524,0,655337374270,655337374812,655337534604,655337552229,655386005522,655337371187,16666666,16666666,655337829062,655338220145,655338249645,655339133895,655356761562,15345583,53959,655356761562,655355008104,0,655339133895,
0,130705,655352672190,655352672190,0,655354117020,655354117645,655354239229,655354255604,655402672188,655354114604,16666666,16666666,655354532354,655355026270,655355051687,655355944062,655374344770,15512000,54458,655374344770,655372301645,0,655355944062,
0,130713,655369338856,655369338856,-523241908,655370526812,655370527604,655371817770,655371841979,655419338854,655370523062,16666666,16666666,655372397062,655372446562,655372482229,655373600145,655388822062,12950584,120916,655388822062,655387352270,0,655373600145,
0,130721,655386005522,655386005522,0,655386604187,655386604729,655386765395,655386782395,655436005520,655386601520,16666666,16666666,655387096937,655387368229,655387391895,655388133145,655405732687,15396667,51291,655405732687,655404251270,0,655388133145,
0,130729,655402672188,655402672188,0,655403257354,655403258104,655403476020,655403493937,655452672186,655403254645,16666666,16666666,655403777812,655404267270,655404293270,655405091104,655423203937,15860667,54959,655423203937,655421623479,0,655405091104,
0,130737,655419338854,655419338854,0,655420473062,655420473395,655420692687,655420710187,655469338852,655420470645,16666666,16666666,655420944270,655421639604,655421665437,655422503854,655438901062,14267958,117250,655438901062,655437502187,0,655422503854,
0,130745,655436005520,655436005520,0,655436723604,655436724229,655436867395,655436884312,655486005518,655436721354,16666666,16666666,655437134395,655437515270,655437540062,655438364312,655456074562,15633167,108583,655456074562,655454580729,0,655438364312,
0,130753,655452672186,655452672186,-311703256,655453699145,655453699770,655454066229,655454083354,655502672184,655453696270,16666666,16666666,655454401104,655454598270,655454622895,655455417770,655472553437,14879542,111833,655472553437,655471004770,0,655455417770,
0,130761,655469338852,655469338852,0,655470126270,655470126687,655470332979,655470348645,655519338850,655470123437,16666666,16666666,655470573520,655471022354,655471067395,655471956270,655489465312,15458417,52833,655489465312,655488040062,0,655471956270,
0,130769,655486005518,655486005518,0,655487106937,655487107437,655487302979,655487317312,655536005516,655487104104,16666666,16666666,655487542604,655488057437,655488073270,655488857312,655505371270,14446792,33042,655505371270,655503939395,0,655488857312,
0,130777,655502672184,655502672184,0,655503418479,655503418937,655503558895,655503564270,655552672182,655503415604,16666666,16666666,655503701395,655503958270,655503987354,655504769770,655522625229,15786416,50250,655522625229,655521187645,0,655504769770,
0,130785,655519338850,655519338850,0,655519993770,655519994104,655520284854,655520300687,655569338848,655519992020,16666666,16666666,655520559395,655521203437,655521230145,655522015229,655538968687,14808958,94791,655538968687,655537478104,0,655522015229,
0,130793,655536005516,655536005516,-75658857,655536768937,655536769479,655537178645,655537204562,655586005514,655536766187,16666666,16666666,655537562104,655537606312,655537630729,655538399479,655555804895,15183292,98000,655555804895,655554181229,0,655538399479,
0,130808,655552672182,655552672182,0,655553176437,655553176937,655553344104,655553367604,655602672180,655553173729,16666666,16666666,655554147687,655554202229,655554228187,655555124020,655573420895,15719209,107500,655573420895,655571559770,0,655555124020,
0,130823,655569338848,655569338848,0,655569740687,655569740812,655569863937,655569876687,655619338846,655569739395,16666666,16666666,655570130062,655571606229,655571654895,655572625395,655589117604,13928292,130500,655589117604,655587381104,0,655572625395,
0,130831,655586005514,655586005514,0,655586562979,655586563312,655586686104,655586701229,655636005512,655586560645,16666666,16666666,655586932895,655587415104,655587442812,655588412604,655605644395,15015375,138875,655605644395,655604165562,0,655588412604,
0,130839,655602672180,655602672180,0,655603404729,655603405187,655603583770,655603596645,655652672178,655603401729,16666666,16666666,655603831979,655604178937,655604205479,655604977145,655622218895,15148666,76208,655622218895,655620821562,0,655604977145,
0,130847,655619338846,655619338846,-555236844,655619905812,655619906229,655620442687,655620458895,655669338844,655619903104,16666666,16666666,655620684937,655620836145,655620858062,655621615520,655639473729,15492125,49625,655639473729,655637764104,0,655621615520,
0,130855,655636005512,655636005512,0,655637014354,655637014687,655637184479,655637201479,655686005510,655637012520,16666666,16666666,655637458687,655637778354,655637807395,655638883020,655655454145,14465084,53833,655655454145,655653967437,0,655638883020,
0,130863,655652672178,655652672178,0,655653157687,655653158145,655653288687,655653304979,655702672176,655653155270,16666666,16666666,655653534562,655653984645,655654010395,655654830479,655672177270,15301084,56166,655672177270,655670785520,0,655654830479,
0,130871,655669338844,655669338844,0,655670028187,655670028645,655670167562,655670184395,655719338842,655670025979,16666666,16666666,655670440520,655670799812,655670824270,655671594104,655688795729,15009583,43250,655688795729,655687212562,0,655671594104,
0,130879,655686005510,655686005510,0,655686352604,655686353062,655686484229,655686499479,655736005508,655686350187,16666666,16666666,655686737895,655687228062,655687254270,655688114354,655706261520,15768209,134125,655706261520,655704627104,0,655688114354,
0,130887,655702672176,655702672176,-717083572,655703682937,655703683520,655704180645,655704199562,655752672174,655703680187,16666666,16666666,655704683437,655704726812,655704754687,655705579770,655722127187,14409083,107084,655722127187,655720694520,0,655705579770,
0,130895,655719338842,655719338842,0,655719676312,655719676604,655719809604,655719819979,655769338840,655719674854,16666666,16666666,655719973354,655720708937,655720732270,655721518812,655740135520,16510584,111250,655740135520,655738667020,0,655721518812,
0,130903,655736005508,655736005508,0,655737927145,655737927645,655738063354,655738079270,655786005506,655737924645,16666666,16666666,655738384187,655738679812,655738705729,655739570062,655756581312,14827042,136333,655756581312,655754998520,0,655739570062,
0,130911,655752672174,655752672174,0,655754116895,655754117354,655754272354,655754288812,655802672172,655754114312,16666666,16666666,655754535062,655755017770,655755044770,655755910979,655772343979,13890042,89458,655772343979,655770497479,0,655755910979,
0,130919,655769338840,655769338840,0,655769746312,655769746896,655769900271,655769917021,655819338838,655769743604,16666666,16666666,655770178062,655770510229,655770534562,655771344812,655789317146,14940541,155000,655789317146,655787317187,0,655771344812,
0,130927,655786005506,655786005506,-90041124,655786518979,655786519896,655787184771,655787207021,655836005504,655786516562,16666666,16666666,655787625312,655787713271,655787749479,655788652521,655806699062,15678791,71167,655806699062,655805025687,0,655788652521,
0,130935,655802672172,655802672172,0,655804148146,655804148687,655804397062,655804413354,655852672170,655804145854,16666666,16666666,655804900896,655805038854,655805067021,655805995854,655822606687,14240917,52291,655822606687,655820987896,0,655805995854,
0,130943,655819338838,655819338838,0,655819973562,655819973979,655820391146,655820407562,655869338836,655819971937,16666666,16666666,655820657021,655821002979,655821029354,655821935812,655838791812,14736000,50875,655838791812,655837397896,0,655821935812,
0,130951,655836005504,655836005504,0,655836424979,655836425646,655836671396,655836689646,655886005502,655836421812,16666666,16666666,655836998854,655837408521,655837432146,655838243812,655856264146,15542583,106000,655856264146,655854363021,0,655838243812,
0,130959,655852672170,655852672170,0,655853173187,655853173521,655853305729,655853321979,655902672168,655853170271,16666666,16666666,655853607687,655854381396,655854409312,655855405687,655872716604,14212000,143125,655872716604,655870512479,0,655855405687,
0,130967,655869338836,655869338836,-201281644,655869770146,655869770687,655870451396,655870467979,655919338834,655869767771,16666666,16666666,655870865021,655870974812,655871014062,655872076229,655889508937,15018792,112958,655889508937,655887761146,0,655872076229,
0,130975,655886005502,655886005502,0,655887514687,655887515104,655887662479,655887676896,655936005500,655887513271,16666666,16666666,655887898937,655887952062,655887977187,655888858229,655906467812,15325667,52959,655906467812,655904869979,0,655888858229,
0,130983,655902672168,655902672168,0,655903793479,655903794146,655904212771,655904218979,655952672166,655903790604,16666666,16666666,655904372812,655904892896,655904928312,655905786146,655922070604,14044083,58750,655922070604,655920543771,0,655905786146,
0,130991,655919338834,655919338834,0,655919721604,655919722021,655919867771,655919885479,655969338832,655919719562,16666666,16666666,655920178562,655920559521,655920585854,655921428812,655938940729,15337625,67375,655938940729,655937440979,0,655921428812,
0,130999,655936005500,655936005500,0,655936628062,655936628604,655936765646,655936783354,655986005498,655936625312,16666666,16666666,655937040437,655937457021,655937487062,655938390187,655956256521,15730542,61000,655956256521,655954700937,0,655938390187,
0,131007,655952672166,655952672166,0,655953824979,655953825479,655953954562,655953968646,656002672164,655953822562,16666666,16666666,655954250146,655954718937,655954745062,655955574646,655972045521,14428750,55791,655972045521,655970715521,0,655955574646,
0,131015,655969338832,655969338832,0,655969840437,655969841062,655969966229,655969981687,656019338830,655969837771,16666666,16666666,655970242062,655970730396,655970757021,655971460937,655989086312,15337209,66917,655989086312,655987410104,0,655971460937,
0,131023,655986005498,655986005498,0,655986609562,655986609812,655986711562,655986723479,656036005496,655986608312,16666666,16666666,655986950354,655987424812,655987449646,655988402854,656006016104,15460083,55125,656006016104,656004573396,0,655988402854,
0,131031,656002672164,656002672164,0,656003813187,656003813521,656003961229,656003976729,656052672162,656003810979,16666666,16666666,656004271729,656004585104,656004610354,656005384479,656022052521,14608375,47959,656022052521,656020665146,0,656005384479,
0,131039,656019338830,656019338830,0,656019672729,656019673229,656019789021,656019803229,656069338828,656019669604,16666666,16666666,656020107521,656020681687,656020707354,656021454979,656038960521,15396000,50083,656038960521,656037478354,0,656021454979,
0,131047,656036005496,656036005496,0,656036722396,656036723021,656036884062,656036902687,656086005494,656036719687,16666666,16666666,656037195521,656037490604,656037514229,656038441187,656058682646,15080542,63291,656058682646,656054224604,0,656038441187,
0,131055,656052672162,656052672162,0,656053070479,656053071187,656053341354,656053362729,656069338828,656053067187,16666666,16666666,656054185479,656054243479,656054263354,656057700229,654072092436,12323708,246042,654072092436,656071045187,0,656057700229,
---PROFILEDATA---


View hierarchy:

  com.aurora.arcade/com.aurora.arcade.MainActivity/android.view.ViewRootImpl@4639776
  9 views, 14.54 kB of render nodes


Total ViewRootImpl   : 1
Total attached Views : 9
Total RenderNode     : 14.54 kB (used) / 38.61 kB (capacity)
