Applications Graphics Acceleration Info:
Uptime: 1659208 Realtime: 1659208

** Graphics info for pid 8716 [com.aurora.arcade] **

Stats since: 1599272690720ns
Total frames rendered: 3595
Janky frames: 3 (0.08%)
Janky frames (legacy): 204 (5.67%)
50th percentile: 19ms
90th percentile: 20ms
95th percentile: 20ms
99th percentile: 21ms
Number Missed Vsync: 0
Number High input latency: 7184
Number Slow UI thread: 2
Number Slow bitmap uploads: 0
Number Slow issue draw commands: 3
Number Frame deadline missed: 3
Number Frame deadline missed (legacy): 3
HISTOGRAM: 5ms=0 6ms=0 7ms=0 8ms=0 9ms=0 10ms=0 11ms=0 12ms=0 13ms=0 14ms=2 15ms=1 16ms=1 17ms=5 18ms=295 19ms=2534 20ms=664 21ms=58 22ms=12 23ms=5 24ms=2 25ms=3 26ms=3 27ms=1 28ms=1 29ms=0 30ms=0 31ms=0 32ms=0 34ms=0 36ms=3 38ms=0 40ms=1 42ms=2 44ms=0 46ms=0 48ms=1 53ms=1 57ms=0 61ms=0 65ms=0 69ms=0 73ms=0 77ms=0 81ms=0 85ms=0 89ms=0 93ms=0 97ms=0 101ms=0 105ms=0 109ms=0 113ms=0 117ms=0 121ms=0 125ms=0 129ms=0 133ms=0 150ms=0 200ms=0 250ms=0 300ms=0 350ms=0 400ms=0 450ms=0 500ms=0 550ms=0 600ms=0 650ms=0 700ms=0 750ms=0 800ms=0 850ms=0 900ms=0 950ms=0 1000ms=0 1050ms=0 1100ms=0 1150ms=0 1200ms=0 1250ms=0 1300ms=0 1350ms=0 1400ms=0 1450ms=0 1500ms=0 1550ms=0 1600ms=0 1650ms=0 1700ms=0 1750ms=0 1800ms=0 1850ms=0 1900ms=0 1950ms=0 2000ms=0 2050ms=0 2100ms=0 2150ms=0 2200ms=0 2250ms=0 2300ms=0 2350ms=0 2400ms=0 2450ms=0 2500ms=0 2550ms=0 2600ms=0 2650ms=0 2700ms=0 2750ms=0 2800ms=0 2850ms=0 2900ms=0 2950ms=0 3000ms=0 3050ms=0 3100ms=0 3150ms=0 3200ms=0 3250ms=0 3300ms=0 3350ms=0 3400ms=0 3450ms=0 3500ms=0 3550ms=0 3600ms=0 3650ms=0 3700ms=0 3750ms=0 3800ms=0 3850ms=0 3900ms=0 3950ms=0 4000ms=0 4050ms=0 4100ms=0 4150ms=0 4200ms=0 4250ms=0 4300ms=0 4350ms=0 4400ms=0 4450ms=0 4500ms=0 4550ms=0 4600ms=0 4650ms=0 4700ms=0 4750ms=0 4800ms=0 4850ms=0 4900ms=0 4950ms=0
50th gpu percentile: 18ms
90th gpu percentile: 19ms
95th gpu percentile: 19ms
99th gpu percentile: 20ms
GPU HISTOGRAM: 1ms=1 2ms=4 3ms=0 4ms=1 5ms=1 6ms=0 7ms=0 8ms=1 9ms=2 10ms=0 11ms=0 12ms=2 13ms=3 14ms=3 15ms=14 16ms=60 17ms=756 18ms=2275 19ms=410 20ms=38 21ms=9 22ms=4 23ms=2 24ms=2 25ms=3 4950ms=4

Pipeline=Skia (OpenGL)
Memory policy:
  Max surface area: 2332800
  Max resource usage: 111.97MB (x48)
  Background retention: 50% (altUiHidden = true)
  GPU Context timeout: 10
Contexts: 1 (stopped = 0)
CPU Caches:
  Glyph Cache: 308.04 KB (1 entry)
  Glyph Count: 81
Total CPU memory usage:
  315433 bytes, 308.04 KB (0.00 bytes is purgeable)
GPU Caches:
  Other:
    Other: 4.81 KB (1 entry)
    Buffer Object: 2.94 KB (6 entries)
    StencilAttachment: 1.06 MB (2 entries)
  Image:
    Texture: 64.00 bytes (1 entry)
  Scratch:
    RenderTarget: 1.61 MB (4 entries)
    Buffer Object: 334.00 KB (6 entries)
    Texture: 2.00 MB (1 entry)
Total GPU memory usage:
  5248838 bytes, 5.01 MB (1.72 MB is purgeable)

GraphicBufferAllocator buffers:
            Handle |         Size |     W (Stride) x H | Layers |   Format |      Usage | Requestor
0xb40000770f928de0 |      unknown | 1080 (   0) x 2160 |      1 |        1 | 0x     b00 | VRI[MainActivity]#0(BLAST Consumer)0
0xb40000770f929710 |      unknown | 1080 (   0) x 2160 |      1 |        1 | 0x     b00 | VRI[MainActivity]#0(BLAST Consumer)0
0xb40000770f92af90 |      unknown | 1080 (   0) x 2160 |      1 |        1 | 0x     b00 | VRI[MainActivity]#0(BLAST Consumer)0
Total allocated by GraphicBufferAllocator (estimate): 0.00 KB
Imported gralloc buffers:
+ name:VRI[MainActivity]#0(BLAST Consumer)0, id:572, size:9112.81KiB, w/h:1080x2160, usage: 0xb00, req fmt:1, fourcc/mod:875708993/0, dataspace: 0x8810000, compressed: false
+ name:VRI[MainActivity]#0(BLAST Consumer)0, id:571, size:9112.81KiB, w/h:1080x2160, usage: 0xb00, req fmt:1, fourcc/mod:875708993/0, dataspace: 0x0, compressed: false
+ name:VRI[MainActivity]#0(BLAST Consumer)0, id:570, size:9112.81KiB, w/h:1080x2160, usage: 0xb00, req fmt:1, fourcc/mod:875708993/0, dataspace: 0x8810000, compressed: false
Total imported by gralloc: 27338.44KiB

Profile data in ms:

	com.aurora.arcade/com.aurora.arcade.MainActivity/android.view.ViewRootImpl@fa82de0 (visibility=0)
Window: com.aurora.arcade/com.aurora.arcade.MainActivity
Stats since: 1599272690637ns
Total frames rendered: 3595
Janky frames: 3 (0.08%)
Janky frames (legacy): 204 (5.67%)
50th percentile: 19ms
90th percentile: 20ms
95th percentile: 20ms
99th percentile: 21ms
Number Missed Vsync: 0
Number High input latency: 7184
Number Slow UI thread: 2
Number Slow bitmap uploads: 0
Number Slow issue draw commands: 3
Number Frame deadline missed: 3
Number Frame deadline missed (legacy): 3
HISTOGRAM: 5ms=0 6ms=0 7ms=0 8ms=0 9ms=0 10ms=0 11ms=0 12ms=0 13ms=0 14ms=2 15ms=1 16ms=1 17ms=5 18ms=295 19ms=2534 20ms=664 21ms=58 22ms=12 23ms=5 24ms=2 25ms=3 26ms=3 27ms=1 28ms=1 29ms=0 30ms=0 31ms=0 32ms=0 34ms=0 36ms=3 38ms=0 40ms=1 42ms=2 44ms=0 46ms=0 48ms=1 53ms=1 57ms=0 61ms=0 65ms=0 69ms=0 73ms=0 77ms=0 81ms=0 85ms=0 89ms=0 93ms=0 97ms=0 101ms=0 105ms=0 109ms=0 113ms=0 117ms=0 121ms=0 125ms=0 129ms=0 133ms=0 150ms=0 200ms=0 250ms=0 300ms=0 350ms=0 400ms=0 450ms=0 500ms=0 550ms=0 600ms=0 650ms=0 700ms=0 750ms=0 800ms=0 850ms=0 900ms=0 950ms=0 1000ms=0 1050ms=0 1100ms=0 1150ms=0 1200ms=0 1250ms=0 1300ms=0 1350ms=0 1400ms=0 1450ms=0 1500ms=0 1550ms=0 1600ms=0 1650ms=0 1700ms=0 1750ms=0 1800ms=0 1850ms=0 1900ms=0 1950ms=0 2000ms=0 2050ms=0 2100ms=0 2150ms=0 2200ms=0 2250ms=0 2300ms=0 2350ms=0 2400ms=0 2450ms=0 2500ms=0 2550ms=0 2600ms=0 2650ms=0 2700ms=0 2750ms=0 2800ms=0 2850ms=0 2900ms=0 2950ms=0 3000ms=0 3050ms=0 3100ms=0 3150ms=0 3200ms=0 3250ms=0 3300ms=0 3350ms=0 3400ms=0 3450ms=0 3500ms=0 3550ms=0 3600ms=0 3650ms=0 3700ms=0 3750ms=0 3800ms=0 3850ms=0 3900ms=0 3950ms=0 4000ms=0 4050ms=0 4100ms=0 4150ms=0 4200ms=0 4250ms=0 4300ms=0 4350ms=0 4400ms=0 4450ms=0 4500ms=0 4550ms=0 4600ms=0 4650ms=0 4700ms=0 4750ms=0 4800ms=0 4850ms=0 4900ms=0 4950ms=0
50th gpu percentile: 18ms
90th gpu percentile: 19ms
95th gpu percentile: 19ms
99th gpu percentile: 20ms
GPU HISTOGRAM: 1ms=1 2ms=4 3ms=0 4ms=1 5ms=1 6ms=0 7ms=0 8ms=1 9ms=2 10ms=0 11ms=0 12ms=2 13ms=3 14ms=3 15ms=14 16ms=60 17ms=756 18ms=2275 19ms=410 20ms=38 21ms=9 22ms=4 23ms=2 24ms=2 25ms=3 4950ms=4



---PROFILEDATA---
Flags,FrameTimelineVsyncId,IntendedVsync,Vsync,InputEventId,HandleInputStart,AnimationStart,PerformTraversalsStart,DrawStart,FrameDeadline,FrameStartTime,FrameInterval,WorkloadTarget,SyncQueued,SyncStart,IssueDrawCommandsStart,SwapBuffers,FrameCompleted,DequeueBufferDuration,QueueBufferDuration,GpuCompleted,SwapBuffersCompleted,DisplayPresentTime,CommandSubmissionCompleted,
0,348807,1657219912407,1657219912407,0,1657220611206,1657220611456,1657220737456,1657220750123,1657269912405,1657220609456,16666666,16666666,1657221021248,1657221346456,1657221373331,1657222271373,1657239321331,14956708,74709,1657239321331,1657237965914,0,1657222271373,
0,348815,1657236579073,1657236579073,0,1657237295706,1657237295956,1657237389664,1657237402789,1657286579071,1657237294414,16666666,16666666,1657237598206,1657237976998,1657238005748,1657238699789,1657256229373,15129042,45583,1657256229373,1657254477623,0,1657238699789,
0,348823,1657253245739,1657253245739,0,1657253960498,1657253960914,1657254138998,1657254156039,1657303245737,1657253958498,16666666,16666666,1657254594998,1657254640956,1657254664206,1657255502623,1657272528998,14735083,58416,1657272528998,1657271007831,0,1657255502623,
0,348831,1657269912405,1657269912405,0,1657270253539,1657270253748,1657270349123,1657270362748,1657319912403,1657270251998,16666666,16666666,1657270650748,1657271020789,1657271046248,1657271843956,1657290323039,15595959,98334,1657290323039,1657288195789,0,1657271843956,
0,348839,1657286579071,1657286579071,-246703359,1657287379831,1657287380456,1657287774248,1657287791164,1657336579069,1657287377331,16666666,16666666,1657288576664,1657288691831,1657288720289,1657289645206,1657306297206,14419167,109709,1657306297206,1657304768914,0,1657289645206,
0,348847,1657303245737,1657303245737,0,1657304084706,1657304084956,1657304232539,1657304247123,1657353245735,1657304083081,16666666,16666666,1657304453998,1657304781956,1657304809206,1657305647123,1657323393123,15426875,51250,1657323393123,1657321756331,0,1657305647123,
0,348855,1657319912403,1657319912403,0,1657321014123,1657321014539,1657321152831,1657321169414,1657369912401,1657321010873,16666666,16666666,1657321432789,1657321792873,1657321817039,1657322771623,1657340421623,14924917,71041,1657340421623,1657338353539,0,1657322771623,
0,348863,1657336579069,1657336579069,0,1657337032081,1657337032664,1657337199456,1657337216706,1657386579067,1657337028914,16666666,16666666,1657337511123,1657338379206,1657338416248,1657339352456,1657356647206,14164208,68541,1657356647206,1657354610331,0,1657339352456,
0,348871,1657353245735,1657353245735,0,1657353871789,1657353872206,1657354010123,1657354019664,1657403245733,1657353869623,16666666,16666666,1657354198831,1657354631206,1657354655414,1657355840623,1657373282331,14701917,143417,1657373282331,1657371384664,0,1657355840623,
0,348879,1657369912401,1657369912401,-815266089,1657370609539,1657370610123,1657371013123,1657371029914,1657419912399,1657370606539,16666666,16666666,1657371274248,1657371398331,1657371426414,1657372529164,1657389883539,14993875,89417,1657389883539,1657388305581,0,1657372529164,
0,348887,1657386579067,1657386579067,0,1657387335206,1657387335623,1657387465081,1657387481956,1657436579065,1657387332748,16666666,16666666,1657387713123,1657388333289,1657388356789,1657389225289,1657406394581,15036125,64333,1657406394581,1657404945414,0,1657389225289,
0,348895,1657403245733,1657403245733,0,1657403909289,1657403909539,1657403992539,1657404095623,1657453245731,1657403908206,16666666,16666666,1657404293331,1657404957414,1657404981331,1657405775289,1657422856373,14785750,91875,1657422856373,1657421225456,0,1657405775289,
0,348903,1657419912399,1657419912399,0,1657420372331,1657420372581,1657420460664,1657420472581,1657469912397,1657420370956,16666666,16666666,1657420745539,1657421241206,1657421264373,1657422048664,1657439676123,15013417,106208,1657439676123,1657437911373,0,1657422048664,
0,348911,1657436579065,1657436579065,0,1657436977039,1657436977289,1657437112123,1657437125081,1657486579063,1657436975539,16666666,16666666,1657437359789,1657437923206,1657437951998,1657438936998,1657456633873,14998833,42375,1657456633873,1657454709414,0,1657438936998,
0,348919,1657453245731,1657453245731,-746415499,1657453615248,1657453615539,1657454195998,1657454214664,1657503245729,1657453612498,16666666,16666666,1657454992331,1657455038539,1657455070498,1657455947373,1657472952039,14852333,61750,1657472952039,1657471509706,0,1657455947373,
0,348927,1657469912397,1657469912397,0,1657470700164,1657470700373,1657470816956,1657470831373,1657519912395,1657470698331,16666666,16666666,1657471043289,1657471521998,1657471543956,1657472356456,1657489710581,14951708,58750,1657489710581,1657487932623,0,1657472356456,
0,348935,1657486579063,1657486579063,0,1657487193289,1657487193581,1657487295039,1657487313456,1657536579061,1657487191331,16666666,16666666,1657487559831,1657487949623,1657487977331,1657489063248,1657507332998,16130584,63792,1657507332998,1657505871915,0,1657489063248,
0,348943,1657503245729,1657503245729,0,1657505092998,1657505093165,1657505247456,1657505262748,1657553245727,1657505092206,16666666,16666666,1657505489331,1657505885290,1657505911248,1657506766790,1657525019498,14510458,76208,1657525019498,1657521908415,0,1657506766790,
0,348951,1657519912395,1657519912395,-162127360,1657520326373,1657520326581,1657520907748,1657520922456,1657569912393,1657520324915,16666666,16666666,1657521350998,1657521925040,1657521953331,1657524290790,1657539698206,12803083,93042,1657539698206,1657537849956,0,1657524290790,
0,348959,1657536579061,1657536579061,-119073152,1657536894081,1657536894498,1657537158206,1657537175206,1657586579059,1657536891373,16666666,16666666,1657537569581,1657537863290,1657537890998,1657538957206,1657556510290,15130250,46250,1657556510290,1657554875540,0,1657538957206,
0,348967,1657553245727,1657553245727,0,1657553900998,1657553901456,1657554111290,1657554127748,1657603245725,1657553899290,16666666,16666666,1657554396415,1657554893290,1657554919290,1657555816831,1657572718373,14605833,93208,1657572718373,1657571147040,0,1657555816831,
0,348975,1657569912393,1657569912393,0,1657570438331,1657570438623,1657570530206,1657570541206,1657619912391,1657570436540,16666666,16666666,1657570737248,1657571160123,1657571182123,1657571964040,1657589811790,15426584,100583,1657589811790,1657588178456,0,1657571964040,
0,348983,1657586579059,1657586579059,0,1657587146040,1657587146331,1657587274540,1657587288581,1657636579057,1657587144540,16666666,16666666,1657587519665,1657588196831,1657588224748,1657589177331,1657607239498,14817834,111000,1657607239498,1657604660665,0,1657589177331,
0,348991,1657603245725,1657603245725,-582239019,1657604177831,1657604178081,1657604608956,1657604622540,1657653245723,1657604176706,16666666,16666666,1657604929165,1657605105623,1657605132540,1657606381373,1657623115540,14173792,93167,1657623115540,1657621443706,0,1657606381373,
0,348999,1657619912391,1657619912391,-1036919346,1657620568790,1657620569248,1657620957998,1657620979206,1657669912389,1657620565915,16666666,16666666,1657621382498,1657621460206,1657621501581,1657622421331,1657639181456,14561417,57667,1657639181456,1657637716998,0,1657622421331,
0,349007,1657636579057,1657636579057,0,1657637086123,1657637086456,1657637187498,1657637198915,1657686579055,1657637084498,16666666,16666666,1657637423290,1657637732290,1657637758956,1657638548331,1657656184998,15304041,50250,1657656184998,1657654510581,0,1657638548331,
0,349015,1657653245723,1657653245723,0,1657653588748,1657653589081,1657653738623,1657653750706,1657703245721,1657653586873,16666666,16666666,1657653980540,1657654525623,1657654549540,1657655405373,1657672861706,15019458,49417,1657672861706,1657671244873,0,1657655405373,
0,349023,1657669912389,1657669912389,0,1657670549498,1657670549790,1657670653331,1657670666998,1657719912387,1657670547248,16666666,16666666,1657671037623,1657671257498,1657671282623,1657672123456,1657690324248,15331250,97417,1657690324248,1657688220706,0,1657672123456,
0,349031,1657686579055,1657686579055,-790398981,1657686917623,1657686917831,1657687190915,1657687201665,1657736579053,1657686916623,16666666,16666666,1657687468081,1657688236123,1657688253540,1657689654373,1657706362915,14356333,106875,1657706362915,1657704707290,0,1657689654373,
0,349039,1657703245721,1657703245721,-872077751,1657703904706,1657703905290,1657704297081,1657704311415,1657753245719,1657703901415,16666666,16666666,1657704641456,1657704719581,1657704744331,1657705545581,1657722948831,14936750,185458,1657722948831,1657721330706,0,1657705545581,
0,349047,1657719912387,1657719912387,0,1657720464790,1657720465206,1657720598415,1657720614998,1657769912385,1657720462998,16666666,16666666,1657720862581,1657721346665,1657721372290,1657722222331,1657739207123,14765958,116958,1657739207123,1657737764581,0,1657722222331,
0,349055,1657736579053,1657736579053,0,1657736939623,1657736939998,1657737041415,1657737055373,1657786579051,1657736938331,16666666,16666666,1657737271415,1657737779790,1657737807248,1657738608748,1657755649081,14955167,51459,1657755649081,1657754189581,0,1657738608748,
0,349063,1657753245719,1657753245719,0,1657753508331,1657753508623,1657753592081,1657753604206,1657803245717,1657753506498,16666666,16666666,1657753803123,1657754205748,1657754229165,1657755059290,1657774236206,15661166,50291,1657774236206,1657771338665,0,1657755059290,
0,349071,1657769912385,1657769912385,-154382805,1657770311665,1657770311956,1657770619498,1657770632623,1657819912383,1657770310456,16666666,16666666,1657770847998,1657771351248,1657771379498,1657773505331,1657789579373,13664041,72125,1657789579373,1657787927415,0,1657773505331,
0,349079,1657786579051,1657786579051,0,1657787128540,1657787129123,1657787281915,1657787298956,1657836579049,1657787125831,16666666,16666666,1657787661873,1657787943165,1657787966081,1657788978498,1657806179248,15084875,66042,1657806179248,1657804691623,0,1657788978498,
0,349087,1657803245717,1657803245717,0,1657803684956,1657803685415,1657803792748,1657803806998,1657853245715,1657803683165,16666666,16666666,1657804096665,1657804704081,1657804727623,1657805539373,1657823336706,15580750,55000,1657823336706,1657821807956,0,1657805539373,
0,349095,1657819912383,1657819912383,0,1657820929415,1657820929956,1657821130206,1657821147581,1657869912381,1657820926665,16666666,16666666,1657821414790,1657821823915,1657821848998,1657822700915,1657839205456,14349292,102583,1657839205456,1657837709206,0,1657822700915,
0,349103,1657836579049,1657836579049,0,1657837147498,1657837147748,1657837220540,1657837230498,1657886579047,1657837146081,16666666,16666666,1657837410790,1657837720623,1657837744331,1657838529165,1657856827748,15349708,153000,1657856827748,1657854587331,0,1657838529165,
0,349111,1657853245715,1657853245715,-471834094,1657854569498,1657854570040,1657854907706,1657854923665,1657903245713,1657854566915,16666666,16666666,1657855125540,1657855177373,1657855204706,1657856154915,1657872634456,14243708,56167,1657872634456,1657871092206,0,1657856154915,
0,349119,1657869912381,1657869912381,0,1657870442873,1657870443415,1657870571706,1657870587998,1657919912379,1657870440956,16666666,16666666,1657870832873,1657871103373,1657871125706,1657871926248,1657889471748,15163959,50459,1657889471748,1657887825623,0,1657871926248,
0,349127,1657886579047,1657886579047,0,1657887164581,1657887164831,1657887266498,1657887277415,1657936579045,1657887162956,16666666,16666666,1657887696415,1657887843665,1657887869081,1657888824498,1657906493081,15622459,53625,1657906493081,1657905116623,0,1657888824498,
0,349135,1657903245713,1657903245713,0,1657904343540,1657904343748,1657904523081,1657904536206,1657953245711,1657904341956,16666666,16666666,1657904746915,1657905127623,1657905154040,1657905965456,1657923121248,14834833,45625,1657923121248,1657921394290,0,1657905965456,
0,349143,1657919912379,1657919912379,0,1657920456123,1657920456373,1657920670748,1657920706248,1657969912377,1657920454081,16666666,16666666,1657921024081,1657921412331,1657921442123,1657922390290,1657939901581,14837667,88208,1657939901581,1657937997873,0,1657922390290,
0,349151,1657936579045,1657936579045,-837225687,1657937036248,1657937036665,1657937434206,1657937448665,1657986579043,1657937034706,16666666,16666666,1657938160248,1657938211040,1657938241873,1657939235123,1657956542165,14722417,59125,1657956542165,1657954652540,0,1657939235123,
0,349159,1657953245711,1657953245711,0,1657953623415,1657953623790,1657953791831,1657953805498,1658003245709,1657953621540,16666666,16666666,1657954197456,1657954668290,1657954692790,1657955603373,1657972719706,14744542,59459,1657972719706,1657971313123,0,1657955603373,
0,349167,1657969912377,1657969912377,0,1657970764998,1657970765498,1657970886831,1657970902373,1658019912375,1657970762790,16666666,16666666,1657971229206,1657971324415,1657971346373,1657972106498,1657989230373,14910167,45042,1657989230373,1657987659331,0,1657972106498,
0,349175,1657986579043,1657986579043,0,1657986967998,1657986968373,1657987086165,1657987099123,1658036579041,1657986966415,16666666,16666666,1657987313581,1657987674373,1657987697873,1657988682456,1658006023248,15410333,56875,1658006023248,1658004738331,0,1657988682456,
0,349183,1658003245709,1658003245709,0,1658003804456,1658003804790,1658003952623,1658003964665,1658053245707,1658003803456,16666666,16666666,1658004277081,1658004751915,1658004787248,1658005493456,1658024094623,15693958,64500,1658024094623,1658021755415,0,1658005493456,
0,349191,1658019912375,1658019912375,-179839757,1658021173081,1658021173540,1658021680915,1658021697956,1658069912373,1658021170290,16666666,16666666,1658022065831,1658022131540,1658022167706,1658023234498,1658039717290,13844083,130375,1658039717290,1658038009831,0,1658023234498,
0,349199,1658036579041,1658036579041,0,1658036977581,1658036978040,1658037121415,1658037136665,1658086579039,1658036975081,16666666,16666666,1658037356415,1658038025873,1658038052915,1658038959290,1658056710373,15155875,139375,1658056710373,1658054905790,0,1658038959290,
0,349207,1658053245707,1658053245707,0,1658053736873,1658053737415,1658053865831,1658053882540,1658103245705,1658053733790,16666666,16666666,1658054532040,1658054939165,1658054966873,1658055888165,1658073044540,14489708,166916,1658073044540,1658071247373,0,1658055888165,
0,349215,1658069912373,1658069912373,0,1658070563915,1658070564373,1658070695790,1658070710456,1658119912371,1658070561748,16666666,16666666,1658070929540,1658071287373,1658071326998,1658072187706,1658089778748,15067042,80792,1658089778748,1658088139498,0,1658072187706,
0,349223,1658086579039,1658086579039,0,1658087359790,1658087360165,1658087470915,1658087483290,1658136579037,1658087357665,16666666,16666666,1658087823040,1658088154623,1658088210915,1658089329873,1658106225498,14831208,117167,1658106225498,1658104637748,0,1658089329873,
0,349231,1658103245705,1658103245705,-53478902,1658103756790,1658103757206,1658104118373,1658104135998,1658153245703,1658103755081,16666666,16666666,1658104440748,1658104650540,1658104675456,1658105489623,1658123133665,15271209,102541,1658123133665,1658121531998,0,1658105489623,
0,349239,1658119912371,1658119912371,0,1658120828831,1658120829415,1658120989331,1658121007790,1658169912369,1658120826706,16666666,16666666,1658121510665,1658121547581,1658121571123,1658122399415,1658139497831,14858667,66208,1658139497831,1658138019498,0,1658122399415,
0,349247,1658136579037,1658136579037,0,1658137261915,1658137262165,1658137347790,1658137361290,1658186579035,1658137260248,16666666,16666666,1658137571373,1658138032331,1658138056915,1658138817540,1658157036040,15744000,113666,1658157036040,1658155271706,0,1658138817540,
0,349255,1658153245703,1658153245703,0,1658154571248,1658154571873,1658154718623,1658154735206,1658203245701,1658154568498,16666666,16666666,1658155060290,1658155287623,1658155314040,1658156384206,1658172501998,13916667,82750,1658172501998,1658170978665,0,1658156384206,
0,349263,1658169912369,1658169912369,0,1658170319831,1658170320290,1658170422040,1658170435123,1658219912367,1658170318248,16666666,16666666,1658170631415,1658170990998,1658171014873,1658171810415,1658189697165,15769375,76583,1658189697165,1658188305165,0,1658171810415,
0,349271,1658186579035,1658186579035,-262397436,1658187189081,1658187189665,1658187601081,1658187618123,1658236579033,1658187186290,16666666,16666666,1658187941956,1658188321373,1658188346040,1658189258040,1658206569082,15398708,57708,1658206569082,1658205147415,0,1658189258040,
0,349279,1658203245701,1658203245701,0,1658204425707,1658204425998,1658204510623,1658204521290,1658253245699,1658204424540,16666666,16666666,1658204692373,1658205160415,1658205203623,1658205998498,1658223028707,14784542,46167,1658223028707,1658221388415,0,1658205998498,
0,349287,1658219912367,1658219912367,0,1658220447957,1658220448207,1658220815665,1658220832082,1658269912365,1658220446457,16666666,16666666,1658221319623,1658221409582,1658221443998,1658222360790,1658239695123,15172958,71416,1658239695123,1658238229415,0,1658222360790,
0,349295,1658236579033,1658236579033,0,1658237569748,1658237569957,1658237678123,1658237693790,1658286579031,1658237568415,16666666,16666666,1658237901832,1658238241957,1658238265915,1658239089998,1658256431665,14884042,52208,1658256431665,1658254609915,0,1658239089998,
0,349303,1658253245699,1658253245699,0,1658253668082,1658253668582,1658253832998,1658253848082,1658303245697,1658253665707,16666666,16666666,1658254143457,1658254638707,1658254669873,1658255578790,1658273143373,14896333,62000,1658273143373,1658271359707,0,1658255578790,
0,349311,1658269912365,1658269912365,-310504242,1658270477373,1658270477790,1658270782582,1658270798165,1658319912363,1658270475498,16666666,16666666,1658271160665,1658271372248,1658271397832,1658272479873,1658289521957,14705625,60542,1658289521957,1658287879873,0,1658272479873,
0,349319,1658286579031,1658286579031,0,1658287168623,1658287169373,1658287321748,1658287337790,1658336579029,1658287166665,16666666,16666666,1658287566498,1658287895415,1658287917207,1658288952123,1658306472498,15417375,64417,1658306472498,1658304964290,0,1658288952123,
0,349327,1658303245697,1658303245697,0,1658303868790,1658303868998,1658303959207,1658303971457,1658353245695,1658303867207,16666666,16666666,1658304299207,1658304976957,1658304997790,1658305815707,1658322803165,14699958,46875,1658322803165,1658321200957,0,1658305815707,
0,349335,1658319912363,1658319912363,0,1658320386248,1658320386498,1658320534748,1658320548623,1658369912361,1658320384707,16666666,16666666,1658320929832,1658321218415,1658321245707,1658322128457,1658339495540,14862875,57500,1658339495540,1658337693332,0,1658322128457,
0,349343,1658336579029,1658336579029,0,1658336901082,1658336901373,1658337016373,1658337030832,1658386579027,1658336899290,16666666,16666666,1658337275415,1658337704998,1658337728957,1658338619207,1658356538998,15344583,117792,1658356538998,1658354871123,0,1658338619207,
0,349351,1658353245695,1658353245695,-451211558,1658353730748,1658353731248,1658354086582,1658354104498,1658403245693,1658353728290,16666666,16666666,1658354482332,1658354886582,1658354910790,1658355812040,1658372308415,14386416,63166,1658372308415,1658370951165,0,1658355812040,
0,349359,1658369912361,1658369912361,0,1658370213040,1658370213207,1658370326123,1658370336998,1658419912359,1658370211790,16666666,16666666,1658370527332,1658370964790,1658370992498,1658371745040,1658389890123,16003958,49792,1658389890123,1658388357707,0,1658371745040,
0,349367,1658386579027,1658386579027,0,1658387415957,1658387416248,1658387583123,1658387599748,1658436579025,1658387414082,16666666,16666666,1658387841790,1658388374498,1658388400957,1658389299623,1658405771415,14439125,55542,1658405771415,1658404358873,0,1658389299623,
0,349375,1658403245693,1658403245693,0,1658403608623,1658403608790,1658403692707,1658403705540,1658453245691,1658403606998,16666666,16666666,1658403909832,1658404369832,1658404394457,1658405185707,1658423509998,15533209,59292,1658423509998,1658421333290,0,1658405185707,
0,349383,1658419912359,1658419912359,0,1658420323957,1658420324332,1658420555873,1658420576873,1658469912357,1658420321832,16666666,16666666,1658420827415,1658421350123,1658421393040,1658422677873,1658439746665,14285625,59042,1658439746665,1658437834748,0,1658422677873,
0,349391,1658436579025,1658436579025,-46037566,1658436936707,1658436937082,1658437449248,1658437466082,1658486579023,1658436933790,16666666,16666666,1658438040040,1658438111248,1658438143332,1658439038457,1658456879207,14750834,57625,1658456879207,1658454533457,0,1658439038457,
0,349399,1658453245691,1658453245691,0,1658454304415,1658454304873,1658454460248,1658454478790,1658503245689,1658454301665,16666666,16666666,1658454803832,1658454872873,1658454904957,1658455983790,1658473786665,14924958,79334,1658473786665,1658471841498,0,1658455983790,
0,349407,1658469912357,1658469912357,0,1658470648123,1658470648707,1658470877373,1658470896123,1658519912355,1658470645457,16666666,16666666,1658471181832,1658471859998,1658471888498,1658473126707,1658489912582,14261041,70000,1658489912582,1658488081082,0,1658473126707,
0,349415,1658486579023,1658486579023,0,1658487222332,1658487222832,1658487382832,1658487404623,1658536579021,1658487219207,16666666,16666666,1658487687248,1658488097540,1658488127665,1658489120832,1658507151707,14890500,69291,1658507151707,1658504834748,0,1658489120832,
0,349423,1658503245689,1658503245689,0,1658503652373,1658503652707,1658503972873,1658503990832,1658553245687,1658503650123,16666666,16666666,1658504413707,1658504848082,1658504885748,1658506367082,1658523569748,14066500,139541,1658523569748,1658521257082,0,1658506367082,
0,349431,1658519912355,1658519912355,-947581940,1658520433623,1658520434165,1658521164498,1658521184957,1658569912353,1658520430957,16666666,16666666,1658521699123,1658521759207,1658521798207,1658522982582,1658539864998,14419792,104083,1658539864998,1658538039832,0,1658522982582,
0,349439,1658536579021,1658536579021,0,1658537076998,1658537077457,1658537269373,1658537286290,1658586579019,1658537074373,16666666,16666666,1658537456123,1658538062040,1658538096457,1658539031707,1658556308373,14758209,83583,1658556308373,1658554681748,0,1658539031707,
0,349447,1658553245687,1658553245687,0,1658553858957,1658553859457,1658554035540,1658554049540,1658603245685,1658553855957,16666666,16666666,1658554291290,1658554701498,1658554728373,1658555639748,1658573386832,15421500,74000,1658573386832,1658571763123,0,1658555639748,
0,349455,1658569912353,1658569912353,0,1658570723207,1658570723873,1658570937790,1658570956748,1658619912351,1658570720207,16666666,16666666,1658571205957,1658571785998,1658571820915,1658572781790,1658590859957,14664250,71500,1658590859957,1658588092373,0,1658572781790,
0,349463,1658586579019,1658586579019,0,1658587248957,1658587249540,1658587437165,1658587450957,1658636579017,1658587246248,16666666,16666666,1658587724540,1658588111873,1658588142998,1658590071457,1658606708290,14131959,83500,1658606708290,1658605023707,0,1658590071457,
0,349471,1658603245685,1658603245685,-517257782,1658603998748,1658603999290,1658604605873,1658604624082,1658653245683,1658603995665,16666666,16666666,1658605040332,1658605094290,1658605120707,1658606041832,1658622977082,14549083,67042,1658622977082,1658621290957,0,1658606041832,
0,349479,1658619912351,1658619912351,0,1658620379457,1658620380040,1658620582248,1658620597623,1658669912349,1658620376165,16666666,16666666,1658620852082,1658621316332,1658621346457,1658622261332,1658639971248,15125917,70500,1658639971248,1658638145582,0,1658622261332,
0,349487,1658636579017,1658636579017,0,1658637010165,1658637010582,1658637229790,1658637258082,1658686579015,1658637007415,16666666,16666666,1658637535832,1658638168165,1658638202373,1658639198165,1658656743957,14757459,138459,1658656743957,1658654767915,0,1658639198165,
0,349495,1658653245683,1658653245683,0,1658653690332,1658653690748,1658653833915,1658653838957,1658703245681,1658653687498,16666666,16666666,1658653991082,1658654795957,1658654830040,1658655955332,1658674876082,14682667,140792,1658674876082,1658671623498,0,1658655955332,
0,349503,1658669912349,1658669912349,0,1658670347498,1658670347998,1658670511373,1658670523540,1658719912347,1658670344623,16666666,16666666,1658670758832,1658671659582,1658671690623,1658673915207,1658690422040,13438917,88375,1658690422040,1658688352665,0,1658673915207,
0,349511,1658686579015,1658686579015,-84046495,1658687423998,1658687424498,1658687879415,1658687895832,1658736579013,1658687421123,16666666,16666666,1658688479832,1658688567373,1658688604957,1658689635498,1658706789915,14484042,147791,1658706789915,1658704947290,0,1658689635498,
0,349519,1658703245681,1658703245681,0,1658703774165,1658703774748,1658703976957,1658703984582,1658753245679,1658703771165,16666666,16666666,1658704237540,1658704971873,1658705009332,1658706065123,1658723402748,14780250,84291,1658723402748,1658721604790,0,1658706065123,
0,349527,1658719912347,1658719912347,0,1658720605457,1658720606123,1658720872748,1658720891623,1658769912345,1658720602290,16666666,16666666,1658721199290,1658721624582,1658721651415,1658722612832,1658740284290,15008208,78167,1658740284290,1658738443290,0,1658722612832,
0,349535,1658736579013,1658736579013,0,1658737385082,1658737385748,1658737594790,1658737612248,1658786579011,1658737382748,16666666,16666666,1658737895582,1658738462457,1658738497623,1658739621915,1658757015207,14449500,70667,1658757015207,1658754773790,0,1658739621915,
0,349543,1658753245679,1658753245679,0,1658753824082,1658753824665,1658754026998,1658754045123,1658803245677,1658753821207,16666666,16666666,1658754298248,1658754793165,1658754821248,1658755985748,1658773016457,14080250,109042,1658773016457,1658771128248,0,1658755985748,
0,349551,1658769912345,1658769912345,-70128227,1658770382540,1658770383207,1658770744415,1658770761748,1658819912343,1658770379540,16666666,16666666,1658771128790,1658771142790,1658771171665,1658772389582,1658789867540,15138667,61875,1658789867540,1658788197123,0,1658772389582,
0,349559,1658786579011,1658786579011,0,1658787165623,1658787166207,1658787430623,1658787450123,1658836579009,1658787162623,16666666,16666666,1658787699665,1658788229915,1658788258165,1658789123457,1658806489040,14831333,67542,1658806489040,1658804731207,0,1658789123457,
0,349567,1658803245677,1658803245677,0,1658803704790,1658803705290,1658803949207,1658803964873,1658853245675,1658803701165,16666666,16666666,1658804401623,1658804745498,1658804774415,1658805803873,1658823139957,14945125,71209,1658823139957,1658821464165,0,1658805803873,
0,349575,1658819912343,1658819912343,0,1658820348873,1658820349457,1658820490832,1658820509957,1658869912341,1658820345957,16666666,16666666,1658820820498,1658821485123,1658821516873,1658822500748,1658840266623,14969584,62958,1658840266623,1658838142373,0,1658822500748,
0,349583,1658836579009,1658836579009,0,1658837149332,1658837149915,1658837438790,1658837457582,1658886579007,1658837146290,16666666,16666666,1658837747915,1658838178332,1658838210665,1658839159290,1658856714957,14427333,293417,1658856714957,1658854764582,0,1658839159290,
0,349591,1658853245675,1658853245675,-933505144,1658853982123,1658853982665,1658854401832,1658854557832,1658903245673,1658853979082,16666666,16666666,1658854844415,1658854904540,1658854946373,1658856084165,1658874029498,14901334,74000,1658874029498,1658871651040,0,1658856084165,
0,349599,1658869912341,1658869912341,0,1658870533082,1658870533832,1658870750248,1658870779957,1658919912339,1658870529873,16666666,16666666,1658871084540,1658871667832,1658871736665,1658872989998,1658889963665,14162042,76500,1658889963665,1658888224623,0,1658872989998,
0,349607,1658886579007,1658886579007,0,1658887059373,1658887059915,1658887306957,1658887327123,1658936579005,1658887057498,16666666,16666666,1658887605082,1658888243957,1658888274415,1658889276957,1658906540165,14681042,68791,1658906540165,1658904678624,0,1658889276957,
0,349615,1658903245673,1658903245673,0,1658903738999,1658903739582,1658903949582,1658903968832,1658953245671,1658903736165,16666666,16666666,1658904326915,1658904693540,1658904743874,1658905904707,1658923578499,14869375,66584,1658923578499,1658921538374,0,1658905904707,
0,349623,1658919912339,1658919912339,0,1658920607624,1658920608124,1658920784082,1658920806707,1658969912337,1658920603999,16666666,16666666,1658921271874,1658921558415,1658921587915,1658922879499,1658940721082,14566583,58791,1658940721082,1658938192790,0,1658922879499,
0,349638,1658936579005,1658936579005,-1007917729,1658937065957,1658937066499,1658937910790,1658937928165,1658986579003,1658937063374,16666666,16666666,1658938461665,1658938564624,1658938602832,1658939917207,1658956534707,14126166,90458,1658956534707,1658954882749,0,1658939917207,
0,349646,1658953245671,1658953245671,0,1658953860124,1658953860707,1658954103124,1658954122582,1659003245669,1658953857040,16666666,16666666,1658954432332,1658954906999,1658954942749,1658955836290,1658972867207,14664875,70458,1658972867207,1658971236957,0,1658955836290,
0,349654,1658969912337,1658969912337,0,1658970444082,1658970444707,1658970634374,1658970652040,1659019912335,1658970441124,16666666,16666666,1658970929499,1658971252249,1658971276124,1658972213457,1658990428332,15534541,58125,1658990428332,1658988442374,0,1658972213457,
0,349662,1658986579003,1658986579003,0,1658987441207,1658987441790,1658987588665,1658987605499,1659036579001,1658987438957,16666666,16666666,1658987872999,1658988479332,1658988513749,1658989608249,1659007392874,14335416,93750,1659007392874,1659004798165,0,1658989608249,
0,349670,1659003245669,1659003245669,0,1659003881332,1659003881790,1659004080790,1659004115207,1659053245667,1659003878374,16666666,16666666,1659004346165,1659004814207,1659004850207,1659005973624,1659023454457,13783833,590583,1659023454457,1659021206707,0,1659005973624,
0,349678,1659019912335,1659019912335,-283218642,1659020493249,1659020493790,1659021200665,1659021221374,1659069912333,1659020490624,16666666,16666666,1659021717582,1659021777707,1659021811999,1659022905249,1659039631582,14398250,55916,1659039631582,1659037885665,0,1659022905249,
0,349686,1659036579001,1659036579001,0,1659037105790,1659037106457,1659037312665,1659037330915,1659086578999,1659037102290,16666666,16666666,1659037581957,1659037902540,1659037932415,1659038855999,1659056449124,14881125,72917,1659056449124,1659054567790,0,1659038855999,
0,349694,1659053245667,1659053245667,0,1659053628707,1659053629332,1659053871290,1659053890749,1659103245665,1659053626082,16666666,16666666,1659054216749,1659054590415,1659054635915,1659055633499,1659073672207,15171083,65292,1659073672207,1659071651582,0,1659055633499,
0,349702,1659069912333,1659069912333,0,1659070658874,1659070659582,1659070836290,1659070857624,1659119912331,1659070655957,16666666,16666666,1659071157207,1659071667707,1659071699832,1659072794665,1659089936124,14192375,67792,1659089936124,1659087956915,0,1659072794665,
0,349710,1659086578999,1659086578999,0,1659087093832,1659087094457,1659087268790,1659087286915,1659136578997,1659087091040,16666666,16666666,1659087609665,1659087989290,1659088090749,1659089097499,1659106412957,14746875,76584,1659106412957,1659104715790,0,1659089097499,
0,349718,1659103245665,1659103245665,0,1659103730832,1659103731249,1659103963665,1659103981874,1659153245663,1659103727415,16666666,16666666,1659104280290,1659104731790,1659104762415,1659105707124,1659123355915,15165875,75875,1659123355915,1659121613249,0,1659105707124,
0,349726,1659119912331,1659119912331,0,1659120652165,1659120652790,1659120876040,1659120894499,1659169912329,1659120649249,16666666,16666666,1659121148457,1659121631249,1659121659374,1659122668999,1659140118665,14683959,77542,1659140118665,1659138076915,0,1659122668999,
0,349734,1659136578997,1659136578997,0,1659137326332,1659137326957,1659137492707,1659137510249,1659186578995,1659137323374,16666666,16666666,1659138056082,1659138091707,1659138126874,1659139317207,1659156684290,14631417,78583,1659156684290,1659154799540,0,1659139317207,
0,349742,1659153245663,1659153245663,0,1659153787790,1659153788165,1659153970707,1659153988874,1659203245661,1659153785249,16666666,16666666,1659154306207,1659154818749,1659154915749,1659155944999,1659172583707,14439916,68500,1659172583707,1659171158165,0,1659155944999,
0,349750,1659169912329,1659169912329,0,1659170428624,1659170428957,1659170594082,1659170610374,1659219912327,1659170426082,16666666,16666666,1659170882624,1659171173207,1659171198499,1659171985540,1659189917665,15396166,54667,1659189917665,1659188116999,0,1659171985540,
0,349758,1659186578995,1659186578995,0,1659187216749,1659187217290,1659187377624,1659187393040,1659236578993,1659187213832,16666666,16666666,1659187732874,1659188135957,1659188165415,1659189275374,1659207613374,14735958,78458,1659207613374,1659204918165,0,1659189275374,
0,349766,1659203245661,1659203245661,0,1659203710915,1659203711290,1659203832749,1659203848582,1659219912327,1659203708415,16666666,16666666,1659204450832,1659204931624,1659204951290,1659206616540,1657222986539,14107833,273167,1657222986539,1659221756999,0,1659206616540,
---PROFILEDATA---


View hierarchy:

  com.aurora.arcade/com.aurora.arcade.MainActivity/android.view.ViewRootImpl@fa82de0
  9 views, 15.80 kB of render nodes


Total ViewRootImpl   : 1
Total attached Views : 9
Total RenderNode     : 15.80 kB (used) / 39.87 kB (capacity)
